        Data        Stat T_169.5_6.0 S_169.5_6.0 T_169.5_6.2 S_169.5_6.2 T_170.0_5.8 S_170.0_5.8 T_170.0_6.0 S_170.0_6.0 T_170.0_6.2 S_170.0_6.2 T_170.0_6.4 S_170.0_6.4 T_170.5_5.8 S_170.5_5.8 T_170.5_6.0 S_170.5_6.0 T_170.5_6.2 S_170.5_6.2 T_170.5_6.4 S_170.5_6.4 T_171.0_6.0 S_171.0_6.0 T_171.0_6.2 S_171.0_6.2
     30.0000      5.4772     33.7500      0.6495     32.9375      0.6417     34.5375      0.6571     31.9000      0.6315     32.4500      0.6369     30.3875      0.6163     34.0875      0.6528     32.6875      0.6392     31.5125      0.6276     30.8500      0.6210     32.6250      0.6386     31.5375      0.6279
     32.0000      5.6569     32.1750      0.6342     31.1125      0.6236     34.7625      0.6592     32.7625      0.6399     32.6125      0.6385     30.2625      0.6150     34.5875      0.6575     34.5750      0.6574     32.9750      0.6420     31.7750      0.6302     31.4625      0.6271     31.2250      0.6247
     32.0000      5.6569     31.2750      0.6252     30.6625      0.6191     32.1750      0.6342     32.6375      0.6387     31.6000      0.6285     30.7250      0.6197     33.7625      0.6496     32.1500      0.6339     31.5125      0.6276     32.2125      0.6346     33.1000      0.6432     32.6125      0.6385
     32.0000      5.6569     28.5750      0.5977     29.1250      0.6034     30.8500      0.6210     30.1375      0.6138     30.4750      0.6172     28.4125      0.5959     32.1375      0.6338     31.4125      0.6266     30.7125      0.6196     29.8875      0.6112     32.4000      0.6364     31.6875      0.6294
     24.0000      4.8990     26.8125      0.5789     26.5250      0.5758     29.8250      0.6106     28.3875      0.5957     26.4125      0.5746     28.4250      0.5961     29.6750      0.6090     29.1625      0.6038     28.0750      0.5924     28.4875      0.5967     30.9500      0.6220     30.3375      0.6158
     20.0000      4.4721     22.6250      0.5318     22.8125      0.5340     25.0250      0.5593     24.9125      0.5580     24.9125      0.5580     24.3500      0.5517     26.9125      0.5800     26.9625      0.5805     26.8000      0.5788     25.9125      0.5691     28.0875      0.5925     27.8000      0.5895
     21.0000      4.5826     20.2625      0.5033     18.8750      0.4857     22.2875      0.5278     21.6750      0.5205     21.7250      0.5211     20.9750      0.5120     23.8375      0.5459     23.7375      0.5447     23.8375      0.5459     22.2875      0.5278     25.9250      0.5693     24.3875      0.5521
     23.0000      4.7958     17.5875      0.4689     17.0500      0.4617     19.1750      0.4896     18.6375      0.4827     17.9000      0.4730     18.1750      0.4766     20.4375      0.5054     20.7375      0.5091     20.2125      0.5026     20.1125      0.5014     21.4625      0.5180     21.2750      0.5157
     17.0000      4.1231     13.8750      0.4165     13.8125      0.4155     14.9625      0.4325     14.7875      0.4299     16.0000      0.4472     15.5250      0.4405     17.2125      0.4638     16.8750      0.4593     16.9875      0.4608     16.8750      0.4593     18.3000      0.4783     17.9625      0.4738
     11.0000      3.3166     11.3375      0.3765     10.5750      0.3636     12.0375      0.3879     11.8125      0.3843     12.7500      0.3992     13.2375      0.4068     13.6875      0.4136     13.8875      0.4166     13.6750      0.4134     14.4500      0.4250     14.8125      0.4303     14.6625      0.4281
     15.0000      3.8730      8.2250      0.3206      9.5500      0.3455      8.7750      0.3312      9.3750      0.3423     10.1625      0.3564     10.7000      0.3657     10.1000      0.3553     10.8875      0.3689     11.7250      0.3828     11.3625      0.3769     12.3625      0.3931     12.5875      0.3967
      6.0000      2.4495      6.3750      0.2823      6.7750      0.2910      6.6125      0.2875      7.0625      0.2971      7.3750      0.3036      8.4625      0.3252      8.0625      0.3175      8.1375      0.3189      8.1125      0.3184      9.5875      0.3462      8.7250      0.3302     10.0125      0.3538
      6.0000      2.4495      4.5250      0.2378      4.9250      0.2481      4.5750      0.2391      5.2500      0.2562      5.9375      0.2724      6.6000      0.2872      5.5750      0.2640      6.4000      0.2828      6.0625      0.2753      6.7375      0.2902      7.7750      0.3117      7.9250      0.3147
      4.0000      2.0000      3.4000      0.2062      3.3375      0.2043      3.4125      0.2065      3.8250      0.2187      4.4875      0.2368      4.7000      0.2424      3.8375      0.2190      4.4625      0.2362      5.1625      0.2540      5.3125      0.2577      5.2875      0.2571      5.3500      0.2586
