   NN30nlo_0112   NN30nlo_0113   NN30nlo_0114   NN30nlo_0115   NN30nlo_0116   NN30nlo_0117   NN30nlo_0118   NN30nlo_0119   NN30nlo_0120   NN30nlo_0121   NN30nlo_0122   NN30nlo_0123   NN30nlo_0124   NN30nlo_0125   NN30nlo_0126   NN30nlo_0127
     2.543e+03     2.590e+03     2.638e+03     2.686e+03     2.734e+03     2.783e+03     2.833e+03     2.882e+03     2.933e+03     2.983e+03     3.035e+03     3.086e+03     3.138e+03     3.191e+03     3.244e+03     3.297e+03
     1.164e+03     1.185e+03     1.206e+03     1.228e+03     1.249e+03     1.271e+03     1.293e+03     1.315e+03     1.338e+03     1.361e+03     1.383e+03     1.406e+03     1.430e+03     1.453e+03     1.477e+03     1.500e+03
     5.621e+02     5.722e+02     5.823e+02     5.925e+02     6.027e+02     6.131e+02     6.236e+02     6.341e+02     6.447e+02     6.554e+02     6.662e+02     6.771e+02     6.880e+02     6.991e+02     7.102e+02     7.214e+02
     2.841e+02     2.891e+02     2.941e+02     2.992e+02     3.043e+02     3.094e+02     3.146e+02     3.199e+02     3.251e+02     3.304e+02     3.358e+02     3.412e+02     3.466e+02     3.520e+02     3.576e+02     3.631e+02
     1.472e+02     1.497e+02     1.523e+02     1.549e+02     1.575e+02     1.601e+02     1.628e+02     1.654e+02     1.681e+02     1.708e+02     1.735e+02     1.762e+02     1.790e+02     1.818e+02     1.846e+02     1.874e+02
     7.792e+01     7.925e+01     8.059e+01     8.194e+01     8.329e+01     8.466e+01     8.604e+01     8.743e+01     8.882e+01     9.023e+01     9.164e+01     9.307e+01     9.450e+01     9.594e+01     9.740e+01     9.886e+01
     4.208e+01     4.279e+01     4.350e+01     4.422e+01     4.494e+01     4.567e+01     4.640e+01     4.714e+01     4.788e+01     4.863e+01     4.938e+01     5.014e+01     5.090e+01     5.167e+01     5.244e+01     5.321e+01
     2.316e+01     2.355e+01     2.393e+01     2.432e+01     2.472e+01     2.511e+01     2.551e+01     2.591e+01     2.631e+01     2.672e+01     2.713e+01     2.754e+01     2.795e+01     2.837e+01     2.878e+01     2.920e+01
     1.301e+01     1.323e+01     1.344e+01     1.366e+01     1.388e+01     1.410e+01     1.432e+01     1.454e+01     1.476e+01     1.499e+01     1.521e+01     1.544e+01     1.567e+01     1.590e+01     1.613e+01     1.636e+01
     7.321e+00     7.440e+00     7.560e+00     7.680e+00     7.802e+00     7.924e+00     8.046e+00     8.170e+00     8.294e+00     8.418e+00     8.544e+00     8.670e+00     8.797e+00     8.924e+00     9.052e+00     9.181e+00
     4.205e+00     4.272e+00     4.341e+00     4.409e+00     4.478e+00     4.547e+00     4.617e+00     4.687e+00     4.758e+00     4.829e+00     4.900e+00     4.972e+00     5.044e+00     5.116e+00     5.189e+00     5.262e+00
     2.436e+00     2.475e+00     2.514e+00     2.554e+00     2.593e+00     2.633e+00     2.673e+00     2.713e+00     2.754e+00     2.794e+00     2.835e+00     2.876e+00     2.917e+00     2.959e+00     3.000e+00     3.042e+00
     1.413e+00     1.435e+00     1.458e+00     1.480e+00     1.503e+00     1.526e+00     1.549e+00     1.572e+00     1.595e+00     1.618e+00     1.642e+00     1.665e+00     1.689e+00     1.713e+00     1.736e+00     1.760e+00
     8.255e-01     8.385e-01     8.515e-01     8.646e-01     8.778e-01     8.910e-01     9.043e-01     9.176e-01     9.311e-01     9.445e-01     9.581e-01     9.717e-01     9.854e-01     9.991e-01     1.013e+00     1.027e+00
     4.871e-01     4.947e-01     5.023e-01     5.100e-01     5.177e-01     5.254e-01     5.332e-01     5.410e-01     5.488e-01     5.567e-01     5.646e-01     5.726e-01     5.805e-01     5.885e-01     5.966e-01     6.047e-01
     2.875e-01     2.919e-01     2.964e-01     3.009e-01     3.054e-01     3.099e-01     3.144e-01     3.190e-01     3.236e-01     3.282e-01     3.328e-01     3.375e-01     3.421e-01     3.468e-01     3.515e-01     3.562e-01
     1.692e-01     1.718e-01     1.744e-01     1.770e-01     1.797e-01     1.823e-01     1.850e-01     1.876e-01     1.903e-01     1.930e-01     1.957e-01     1.984e-01     2.011e-01     2.039e-01     2.066e-01     2.093e-01
     1.002e-01     1.017e-01     1.032e-01     1.048e-01     1.063e-01     1.079e-01     1.094e-01     1.110e-01     1.126e-01     1.141e-01     1.157e-01     1.173e-01     1.189e-01     1.205e-01     1.221e-01     1.237e-01
     5.911e-02     6.000e-02     6.090e-02     6.180e-02     6.271e-02     6.362e-02     6.453e-02     6.545e-02     6.637e-02     6.729e-02     6.822e-02     6.915e-02     7.009e-02     7.103e-02     7.197e-02     7.291e-02
     3.484e-02     3.536e-02     3.589e-02     3.642e-02     3.695e-02     3.748e-02     3.802e-02     3.855e-02     3.909e-02     3.963e-02     4.017e-02     4.072e-02     4.127e-02     4.181e-02     4.236e-02     4.292e-02
     2.046e-02     2.077e-02     2.108e-02     2.138e-02     2.169e-02     2.200e-02     2.232e-02     2.263e-02     2.294e-02     2.326e-02     2.358e-02     2.389e-02     2.421e-02     2.453e-02     2.485e-02     2.517e-02
     1.191e-02     1.209e-02     1.227e-02     1.245e-02     1.263e-02     1.281e-02     1.299e-02     1.317e-02     1.335e-02     1.353e-02     1.372e-02     1.390e-02     1.408e-02     1.427e-02     1.445e-02     1.464e-02
     6.881e-03     6.983e-03     7.085e-03     7.188e-03     7.291e-03     7.394e-03     7.498e-03     7.602e-03     7.706e-03     7.811e-03     7.916e-03     8.021e-03     8.127e-03     8.233e-03     8.340e-03     8.446e-03
     3.929e-03     3.987e-03     4.045e-03     4.103e-03     4.162e-03     4.220e-03     4.279e-03     4.338e-03     4.398e-03     4.457e-03     4.517e-03     4.577e-03     4.636e-03     4.697e-03     4.757e-03     4.818e-03
     2.214e-03     2.246e-03     2.279e-03     2.312e-03     2.344e-03     2.377e-03     2.410e-03     2.443e-03     2.477e-03     2.510e-03     2.543e-03     2.577e-03     2.611e-03     2.644e-03     2.678e-03     2.712e-03
     1.227e-03     1.245e-03     1.263e-03     1.281e-03     1.299e-03     1.317e-03     1.335e-03     1.353e-03     1.372e-03     1.390e-03     1.408e-03     1.427e-03     1.445e-03     1.464e-03     1.483e-03     1.501e-03
     6.707e-04     6.805e-04     6.902e-04     7.001e-04     7.099e-04     7.198e-04     7.297e-04     7.396e-04     7.496e-04     7.596e-04     7.696e-04     7.797e-04     7.897e-04     7.998e-04     8.100e-04     8.201e-04
     3.563e-04     3.615e-04     3.666e-04     3.718e-04     3.770e-04     3.823e-04     3.875e-04     3.928e-04     3.980e-04     4.033e-04     4.086e-04     4.139e-04     4.192e-04     4.246e-04     4.299e-04     4.353e-04
     1.850e-04     1.877e-04     1.904e-04     1.931e-04     1.958e-04     1.985e-04     2.012e-04     2.039e-04     2.066e-04     2.093e-04     2.121e-04     2.148e-04     2.176e-04     2.203e-04     2.231e-04     2.259e-04
     9.353e-05     9.487e-05     9.622e-05     9.757e-05     9.893e-05     1.003e-04     1.017e-04     1.030e-04     1.044e-04     1.058e-04     1.071e-04     1.085e-04     1.099e-04     1.113e-04     1.127e-04     1.141e-04
     4.565e-05     4.630e-05     4.696e-05     4.762e-05     4.828e-05     4.894e-05     4.960e-05     5.027e-05     5.093e-05     5.160e-05     5.227e-05     5.294e-05     5.362e-05     5.429e-05     5.497e-05     5.565e-05
     1.541e-05     1.563e-05     1.585e-05     1.607e-05     1.629e-05     1.651e-05     1.674e-05     1.696e-05     1.719e-05     1.741e-05     1.764e-05     1.786e-05     1.809e-05     1.831e-05     1.854e-05     1.877e-05
     2.068e-06     2.098e-06     2.127e-06     2.157e-06     2.186e-06     2.216e-06     2.246e-06     2.275e-06     2.305e-06     2.335e-06     2.365e-06     2.395e-06     2.425e-06     2.455e-06     2.486e-06     2.516e-06
     2.360e+03     2.404e+03     2.448e+03     2.492e+03     2.537e+03     2.583e+03     2.629e+03     2.675e+03     2.721e+03     2.769e+03     2.816e+03     2.864e+03     2.912e+03     2.961e+03     3.010e+03     3.060e+03
     1.072e+03     1.091e+03     1.111e+03     1.131e+03     1.151e+03     1.171e+03     1.191e+03     1.212e+03     1.232e+03     1.253e+03     1.274e+03     1.295e+03     1.317e+03     1.338e+03     1.360e+03     1.382e+03
     5.142e+02     5.233e+02     5.326e+02     5.419e+02     5.513e+02     5.608e+02     5.703e+02     5.800e+02     5.897e+02     5.995e+02     6.093e+02     6.193e+02     6.293e+02     6.394e+02     6.496e+02     6.598e+02
     2.580e+02     2.625e+02     2.670e+02     2.716e+02     2.763e+02     2.810e+02     2.857e+02     2.904e+02     2.952e+02     3.000e+02     3.049e+02     3.098e+02     3.147e+02     3.196e+02     3.246e+02     3.297e+02
     1.328e+02     1.351e+02     1.375e+02     1.398e+02     1.421e+02     1.445e+02     1.469e+02     1.493e+02     1.517e+02     1.541e+02     1.566e+02     1.591e+02     1.616e+02     1.641e+02     1.666e+02     1.691e+02
     6.993e+01     7.112e+01     7.232e+01     7.353e+01     7.475e+01     7.598e+01     7.722e+01     7.846e+01     7.972e+01     8.098e+01     8.225e+01     8.353e+01     8.481e+01     8.611e+01     8.741e+01     8.873e+01
     3.756e+01     3.820e+01     3.883e+01     3.947e+01     4.012e+01     4.077e+01     4.142e+01     4.208e+01     4.274e+01     4.341e+01     4.408e+01     4.476e+01     4.544e+01     4.612e+01     4.681e+01     4.750e+01
     2.053e+01     2.087e+01     2.122e+01     2.156e+01     2.191e+01     2.226e+01     2.261e+01     2.297e+01     2.333e+01     2.369e+01     2.405e+01     2.441e+01     2.478e+01     2.514e+01     2.552e+01     2.589e+01
     1.143e+01     1.162e+01     1.181e+01     1.200e+01     1.219e+01     1.238e+01     1.258e+01     1.277e+01     1.297e+01     1.316e+01     1.336e+01     1.356e+01     1.376e+01     1.397e+01     1.417e+01     1.437e+01
     6.412e+00     6.516e+00     6.621e+00     6.727e+00     6.833e+00     6.940e+00     7.048e+00     7.156e+00     7.265e+00     7.374e+00     7.484e+00     7.595e+00     7.706e+00     7.818e+00     7.931e+00     8.044e+00
     3.628e+00     3.687e+00     3.745e+00     3.805e+00     3.864e+00     3.924e+00     3.984e+00     4.044e+00     4.105e+00     4.166e+00     4.228e+00     4.289e+00     4.352e+00     4.414e+00     4.477e+00     4.540e+00
     2.089e+00     2.122e+00     2.156e+00     2.190e+00     2.224e+00     2.258e+00     2.292e+00     2.326e+00     2.361e+00     2.396e+00     2.431e+00     2.466e+00     2.501e+00     2.537e+00     2.572e+00     2.608e+00
     1.201e+00     1.220e+00     1.239e+00     1.258e+00     1.278e+00     1.297e+00     1.317e+00     1.336e+00     1.356e+00     1.376e+00     1.396e+00     1.416e+00     1.436e+00     1.456e+00     1.476e+00     1.497e+00
     6.905e-01     7.013e-01     7.122e-01     7.231e-01     7.341e-01     7.451e-01     7.562e-01     7.674e-01     7.786e-01     7.899e-01     8.012e-01     8.125e-01     8.239e-01     8.354e-01     8.469e-01     8.585e-01
     4.026e-01     4.088e-01     4.151e-01     4.214e-01     4.278e-01     4.342e-01     4.406e-01     4.470e-01     4.535e-01     4.600e-01     4.666e-01     4.731e-01     4.797e-01     4.863e-01     4.930e-01     4.996e-01
     2.332e-01     2.368e-01     2.404e-01     2.440e-01     2.477e-01     2.514e-01     2.550e-01     2.587e-01     2.625e-01     2.662e-01     2.699e-01     2.737e-01     2.775e-01     2.813e-01     2.851e-01     2.889e-01
     1.345e-01     1.365e-01     1.386e-01     1.407e-01     1.428e-01     1.449e-01     1.470e-01     1.491e-01     1.512e-01     1.533e-01     1.555e-01     1.576e-01     1.598e-01     1.620e-01     1.641e-01     1.663e-01
     7.783e-02     7.901e-02     8.020e-02     8.139e-02     8.259e-02     8.380e-02     8.501e-02     8.622e-02     8.744e-02     8.866e-02     8.989e-02     9.112e-02     9.236e-02     9.360e-02     9.485e-02     9.610e-02
     4.482e-02     4.549e-02     4.617e-02     4.686e-02     4.754e-02     4.823e-02     4.892e-02     4.962e-02     5.031e-02     5.101e-02     5.171e-02     5.242e-02     5.312e-02     5.383e-02     5.455e-02     5.526e-02
     2.555e-02     2.594e-02     2.632e-02     2.671e-02     2.710e-02     2.749e-02     2.788e-02     2.827e-02     2.866e-02     2.906e-02     2.946e-02     2.985e-02     3.025e-02     3.065e-02     3.106e-02     3.146e-02
     1.448e-02     1.469e-02     1.491e-02     1.513e-02     1.534e-02     1.556e-02     1.578e-02     1.600e-02     1.623e-02     1.645e-02     1.667e-02     1.689e-02     1.712e-02     1.734e-02     1.757e-02     1.780e-02
     8.117e-03     8.237e-03     8.357e-03     8.479e-03     8.600e-03     8.722e-03     8.845e-03     8.968e-03     9.091e-03     9.215e-03     9.339e-03     9.463e-03     9.588e-03     9.714e-03     9.839e-03     9.965e-03
     4.466e-03     4.532e-03     4.598e-03     4.664e-03     4.730e-03     4.797e-03     4.864e-03     4.931e-03     4.998e-03     5.066e-03     5.134e-03     5.202e-03     5.270e-03     5.338e-03     5.407e-03     5.476e-03
     2.426e-03     2.461e-03     2.497e-03     2.532e-03     2.568e-03     2.604e-03     2.641e-03     2.677e-03     2.713e-03     2.750e-03     2.786e-03     2.823e-03     2.860e-03     2.897e-03     2.934e-03     2.971e-03
     1.281e-03     1.300e-03     1.318e-03     1.337e-03     1.356e-03     1.375e-03     1.394e-03     1.413e-03     1.432e-03     1.451e-03     1.470e-03     1.489e-03     1.509e-03     1.528e-03     1.547e-03     1.567e-03
     6.654e-04     6.750e-04     6.847e-04     6.944e-04     7.041e-04     7.139e-04     7.237e-04     7.335e-04     7.433e-04     7.532e-04     7.631e-04     7.731e-04     7.830e-04     7.930e-04     8.030e-04     8.130e-04
     3.357e-04     3.405e-04     3.454e-04     3.502e-04     3.551e-04     3.600e-04     3.649e-04     3.698e-04     3.748e-04     3.797e-04     3.847e-04     3.897e-04     3.947e-04     3.997e-04     4.047e-04     4.097e-04
     1.637e-04     1.661e-04     1.685e-04     1.708e-04     1.732e-04     1.756e-04     1.779e-04     1.803e-04     1.827e-04     1.851e-04     1.875e-04     1.900e-04     1.924e-04     1.948e-04     1.972e-04     1.997e-04
     7.725e-05     7.836e-05     7.946e-05     8.057e-05     8.169e-05     8.280e-05     8.392e-05     8.504e-05     8.617e-05     8.729e-05     8.842e-05     8.956e-05     9.069e-05     9.183e-05     9.297e-05     9.411e-05
     1.403e-05     1.423e-05     1.443e-05     1.463e-05     1.483e-05     1.503e-05     1.523e-05     1.544e-05     1.564e-05     1.584e-05     1.604e-05     1.625e-05     1.645e-05     1.666e-05     1.686e-05     1.707e-05
     2.007e+03     2.044e+03     2.082e+03     2.120e+03     2.158e+03     2.196e+03     2.235e+03     2.275e+03     2.314e+03     2.354e+03     2.395e+03     2.436e+03     2.477e+03     2.518e+03     2.560e+03     2.602e+03
     9.008e+02     9.172e+02     9.337e+02     9.504e+02     9.672e+02     9.841e+02     1.001e+03     1.018e+03     1.036e+03     1.053e+03     1.071e+03     1.089e+03     1.107e+03     1.125e+03     1.143e+03     1.162e+03
     4.266e+02     4.342e+02     4.418e+02     4.496e+02     4.574e+02     4.653e+02     4.732e+02     4.812e+02     4.892e+02     4.974e+02     5.056e+02     5.138e+02     5.221e+02     5.305e+02     5.390e+02     5.475e+02
     2.115e+02     2.152e+02     2.189e+02     2.227e+02     2.265e+02     2.303e+02     2.342e+02     2.381e+02     2.420e+02     2.460e+02     2.499e+02     2.539e+02     2.580e+02     2.620e+02     2.661e+02     2.703e+02
     1.077e+02     1.095e+02     1.114e+02     1.133e+02     1.152e+02     1.171e+02     1.191e+02     1.210e+02     1.230e+02     1.249e+02     1.269e+02     1.289e+02     1.310e+02     1.330e+02     1.350e+02     1.371e+02
     5.574e+01     5.669e+01     5.765e+01     5.862e+01     5.959e+01     6.057e+01     6.155e+01     6.254e+01     6.354e+01     6.455e+01     6.556e+01     6.658e+01     6.760e+01     6.864e+01     6.967e+01     7.072e+01
     2.952e+01     3.002e+01     3.052e+01     3.102e+01     3.153e+01     3.204e+01     3.256e+01     3.307e+01     3.359e+01     3.412e+01     3.465e+01     3.518e+01     3.571e+01     3.625e+01     3.679e+01     3.734e+01
     1.585e+01     1.611e+01     1.637e+01     1.664e+01     1.691e+01     1.718e+01     1.745e+01     1.773e+01     1.800e+01     1.828e+01     1.856e+01     1.884e+01     1.912e+01     1.941e+01     1.969e+01     1.998e+01
     8.641e+00     8.783e+00     8.926e+00     9.070e+00     9.215e+00     9.360e+00     9.507e+00     9.654e+00     9.802e+00     9.952e+00     1.010e+01     1.025e+01     1.040e+01     1.056e+01     1.071e+01     1.086e+01
     4.726e+00     4.803e+00     4.881e+00     4.958e+00     5.037e+00     5.115e+00     5.194e+00     5.274e+00     5.354e+00     5.435e+00     5.516e+00     5.597e+00     5.679e+00     5.761e+00     5.844e+00     5.927e+00
     2.609e+00     2.651e+00     2.693e+00     2.735e+00     2.778e+00     2.821e+00     2.864e+00     2.908e+00     2.951e+00     2.995e+00     3.039e+00     3.084e+00     3.128e+00     3.173e+00     3.218e+00     3.263e+00
     1.457e+00     1.480e+00     1.503e+00     1.527e+00     1.550e+00     1.574e+00     1.598e+00     1.622e+00     1.646e+00     1.670e+00     1.695e+00     1.719e+00     1.744e+00     1.768e+00     1.793e+00     1.818e+00
     8.051e-01     8.178e-01     8.305e-01     8.434e-01     8.563e-01     8.692e-01     8.823e-01     8.954e-01     9.085e-01     9.217e-01     9.350e-01     9.484e-01     9.618e-01     9.753e-01     9.888e-01     1.002e+00
     4.427e-01     4.496e-01     4.565e-01     4.635e-01     4.705e-01     4.776e-01     4.847e-01     4.918e-01     4.989e-01     5.061e-01     5.133e-01     5.206e-01     5.279e-01     5.352e-01     5.425e-01     5.499e-01
     2.458e-01     2.496e-01     2.535e-01     2.573e-01     2.612e-01     2.651e-01     2.690e-01     2.729e-01     2.768e-01     2.808e-01     2.847e-01     2.887e-01     2.927e-01     2.967e-01     3.008e-01     3.048e-01
     1.343e-01     1.364e-01     1.385e-01     1.405e-01     1.426e-01     1.447e-01     1.468e-01     1.490e-01     1.511e-01     1.532e-01     1.554e-01     1.575e-01     1.597e-01     1.618e-01     1.640e-01     1.662e-01
     7.258e-02     7.369e-02     7.480e-02     7.591e-02     7.703e-02     7.815e-02     7.928e-02     8.042e-02     8.156e-02     8.270e-02     8.385e-02     8.500e-02     8.615e-02     8.731e-02     8.848e-02     8.965e-02
     3.880e-02     3.939e-02     3.997e-02     4.056e-02     4.116e-02     4.175e-02     4.235e-02     4.295e-02     4.355e-02     4.416e-02     4.476e-02     4.537e-02     4.598e-02     4.660e-02     4.721e-02     4.783e-02
     2.042e-02     2.073e-02     2.104e-02     2.135e-02     2.165e-02     2.196e-02     2.228e-02     2.259e-02     2.290e-02     2.322e-02     2.353e-02     2.385e-02     2.417e-02     2.449e-02     2.481e-02     2.513e-02
     1.057e-02     1.072e-02     1.088e-02     1.104e-02     1.120e-02     1.136e-02     1.152e-02     1.168e-02     1.184e-02     1.200e-02     1.216e-02     1.232e-02     1.249e-02     1.265e-02     1.282e-02     1.298e-02
     5.368e-03     5.447e-03     5.527e-03     5.607e-03     5.687e-03     5.767e-03     5.847e-03     5.928e-03     6.009e-03     6.091e-03     6.172e-03     6.254e-03     6.336e-03     6.419e-03     6.501e-03     6.584e-03
     2.638e-03     2.676e-03     2.715e-03     2.754e-03     2.793e-03     2.832e-03     2.871e-03     2.910e-03     2.950e-03     2.989e-03     3.029e-03     3.069e-03     3.109e-03     3.149e-03     3.189e-03     3.229e-03
     1.262e-03     1.281e-03     1.299e-03     1.318e-03     1.336e-03     1.355e-03     1.373e-03     1.392e-03     1.411e-03     1.429e-03     1.448e-03     1.467e-03     1.486e-03     1.505e-03     1.524e-03     1.543e-03
     5.831e-04     5.915e-04     5.999e-04     6.084e-04     6.168e-04     6.253e-04     6.339e-04     6.424e-04     6.510e-04     6.596e-04     6.682e-04     6.769e-04     6.855e-04     6.942e-04     7.029e-04     7.117e-04
     2.587e-04     2.624e-04     2.661e-04     2.698e-04     2.736e-04     2.773e-04     2.811e-04     2.848e-04     2.886e-04     2.924e-04     2.962e-04     3.000e-04     3.038e-04     3.076e-04     3.114e-04     3.153e-04
     1.099e-04     1.115e-04     1.130e-04     1.146e-04     1.162e-04     1.177e-04     1.193e-04     1.209e-04     1.225e-04     1.241e-04     1.257e-04     1.273e-04     1.289e-04     1.305e-04     1.321e-04     1.337e-04
     1.061e-05     1.076e-05     1.091e-05     1.106e-05     1.121e-05     1.136e-05     1.151e-05     1.166e-05     1.181e-05     1.196e-05     1.211e-05     1.227e-05     1.242e-05     1.257e-05     1.272e-05     1.288e-05
     1.559e+03     1.588e+03     1.617e+03     1.647e+03     1.677e+03     1.707e+03     1.737e+03     1.768e+03     1.799e+03     1.830e+03     1.861e+03     1.893e+03     1.925e+03     1.957e+03     1.990e+03     2.023e+03
     6.832e+02     6.957e+02     7.082e+02     7.208e+02     7.336e+02     7.464e+02     7.594e+02     7.725e+02     7.857e+02     7.990e+02     8.124e+02     8.259e+02     8.396e+02     8.533e+02     8.672e+02     8.812e+02
     3.161e+02     3.217e+02     3.274e+02     3.331e+02     3.389e+02     3.447e+02     3.506e+02     3.565e+02     3.625e+02     3.685e+02     3.746e+02     3.807e+02     3.869e+02     3.931e+02     3.993e+02     4.057e+02
     1.528e+02     1.554e+02     1.581e+02     1.609e+02     1.636e+02     1.664e+02     1.692e+02     1.720e+02     1.748e+02     1.777e+02     1.805e+02     1.834e+02     1.863e+02     1.893e+02     1.922e+02     1.952e+02
     7.554e+01     7.684e+01     7.816e+01     7.948e+01     8.082e+01     8.217e+01     8.352e+01     8.489e+01     8.626e+01     8.765e+01     8.904e+01     9.045e+01     9.186e+01     9.328e+01     9.472e+01     9.616e+01
     3.778e+01     3.842e+01     3.907e+01     3.972e+01     4.038e+01     4.104e+01     4.171e+01     4.238e+01     4.306e+01     4.374e+01     4.442e+01     4.511e+01     4.580e+01     4.650e+01     4.721e+01     4.791e+01
     1.915e+01     1.947e+01     1.979e+01     2.012e+01     2.045e+01     2.078e+01     2.111e+01     2.144e+01     2.178e+01     2.212e+01     2.246e+01     2.280e+01     2.315e+01     2.349e+01     2.384e+01     2.419e+01
     9.814e+00     9.977e+00     1.014e+01     1.031e+01     1.047e+01     1.064e+01     1.081e+01     1.098e+01     1.115e+01     1.132e+01     1.149e+01     1.166e+01     1.184e+01     1.201e+01     1.219e+01     1.236e+01
     5.043e+00     5.126e+00     5.209e+00     5.292e+00     5.376e+00     5.461e+00     5.546e+00     5.631e+00     5.717e+00     5.804e+00     5.891e+00     5.978e+00     6.066e+00     6.155e+00     6.244e+00     6.333e+00
     2.579e+00     2.621e+00     2.663e+00     2.705e+00     2.747e+00     2.790e+00     2.833e+00     2.876e+00     2.919e+00     2.963e+00     3.007e+00     3.051e+00     3.095e+00     3.140e+00     3.185e+00     3.230e+00
     1.313e+00     1.334e+00     1.355e+00     1.376e+00     1.397e+00     1.419e+00     1.440e+00     1.462e+00     1.484e+00     1.506e+00     1.528e+00     1.550e+00     1.572e+00     1.594e+00     1.617e+00     1.639e+00
     6.675e-01     6.780e-01     6.886e-01     6.992e-01     7.099e-01     7.207e-01     7.315e-01     7.424e-01     7.533e-01     7.643e-01     7.753e-01     7.864e-01     7.975e-01     8.087e-01     8.199e-01     8.312e-01
     3.313e-01     3.365e-01     3.417e-01     3.469e-01     3.521e-01     3.574e-01     3.627e-01     3.680e-01     3.734e-01     3.787e-01     3.841e-01     3.896e-01     3.950e-01     4.005e-01     4.060e-01     4.115e-01
     1.612e-01     1.636e-01     1.661e-01     1.687e-01     1.712e-01     1.737e-01     1.763e-01     1.788e-01     1.814e-01     1.840e-01     1.866e-01     1.892e-01     1.918e-01     1.944e-01     1.970e-01     1.997e-01
     7.757e-02     7.876e-02     7.994e-02     8.114e-02     8.234e-02     8.354e-02     8.476e-02     8.597e-02     8.719e-02     8.842e-02     8.965e-02     9.089e-02     9.213e-02     9.337e-02     9.462e-02     9.588e-02
     3.599e-02     3.653e-02     3.708e-02     3.762e-02     3.817e-02     3.872e-02     3.928e-02     3.983e-02     4.039e-02     4.095e-02     4.151e-02     4.208e-02     4.264e-02     4.321e-02     4.378e-02     4.436e-02
     1.627e-02     1.651e-02     1.676e-02     1.700e-02     1.725e-02     1.749e-02     1.774e-02     1.799e-02     1.824e-02     1.849e-02     1.874e-02     1.899e-02     1.925e-02     1.950e-02     1.976e-02     2.001e-02
     7.086e-03     7.190e-03     7.295e-03     7.400e-03     7.506e-03     7.612e-03     7.718e-03     7.825e-03     7.932e-03     8.040e-03     8.147e-03     8.256e-03     8.364e-03     8.473e-03     8.582e-03     8.692e-03
     2.974e-03     3.018e-03     3.061e-03     3.105e-03     3.149e-03     3.193e-03     3.237e-03     3.281e-03     3.326e-03     3.370e-03     3.415e-03     3.460e-03     3.504e-03     3.550e-03     3.595e-03     3.640e-03
     1.189e-03     1.206e-03     1.224e-03     1.241e-03     1.258e-03     1.275e-03     1.293e-03     1.310e-03     1.328e-03     1.345e-03     1.363e-03     1.381e-03     1.398e-03     1.416e-03     1.434e-03     1.452e-03
     4.533e-04     4.597e-04     4.662e-04     4.727e-04     4.792e-04     4.857e-04     4.923e-04     4.989e-04     5.055e-04     5.121e-04     5.187e-04     5.253e-04     5.320e-04     5.387e-04     5.454e-04     5.521e-04
     1.602e-04     1.624e-04     1.647e-04     1.669e-04     1.692e-04     1.715e-04     1.738e-04     1.760e-04     1.783e-04     1.806e-04     1.829e-04     1.852e-04     1.876e-04     1.899e-04     1.922e-04     1.945e-04
     5.253e-05     5.326e-05     5.399e-05     5.472e-05     5.546e-05     5.619e-05     5.693e-05     5.767e-05     5.841e-05     5.916e-05     5.990e-05     6.065e-05     6.140e-05     6.215e-05     6.290e-05     6.365e-05
     4.714e-06     4.778e-06     4.842e-06     4.907e-06     4.971e-06     5.036e-06     5.100e-06     5.165e-06     5.230e-06     5.295e-06     5.360e-06     5.426e-06     5.491e-06     5.557e-06     5.622e-06     5.688e-06
     1.062e+03     1.082e+03     1.102e+03     1.122e+03     1.142e+03     1.163e+03     1.183e+03     1.204e+03     1.225e+03     1.246e+03     1.268e+03     1.289e+03     1.311e+03     1.333e+03     1.355e+03     1.377e+03
     4.452e+02     4.533e+02     4.615e+02     4.697e+02     4.780e+02     4.863e+02     4.948e+02     5.033e+02     5.118e+02     5.205e+02     5.292e+02     5.380e+02     5.469e+02     5.558e+02     5.648e+02     5.739e+02
     1.955e+02     1.990e+02     2.025e+02     2.060e+02     2.096e+02     2.132e+02     2.168e+02     2.205e+02     2.242e+02     2.279e+02     2.316e+02     2.354e+02     2.392e+02     2.430e+02     2.469e+02     2.507e+02
     8.815e+01     8.968e+01     9.123e+01     9.280e+01     9.437e+01     9.596e+01     9.755e+01     9.916e+01     1.008e+02     1.024e+02     1.041e+02     1.057e+02     1.074e+02     1.091e+02     1.108e+02     1.125e+02
     4.031e+01     4.101e+01     4.170e+01     4.241e+01     4.311e+01     4.383e+01     4.454e+01     4.527e+01     4.600e+01     4.673e+01     4.747e+01     4.821e+01     4.896e+01     4.971e+01     5.047e+01     5.124e+01
     1.826e+01     1.857e+01     1.888e+01     1.919e+01     1.950e+01     1.982e+01     2.014e+01     2.046e+01     2.078e+01     2.111e+01     2.144e+01     2.177e+01     2.210e+01     2.243e+01     2.277e+01     2.311e+01
     8.270e+00     8.408e+00     8.546e+00     8.685e+00     8.825e+00     8.966e+00     9.108e+00     9.251e+00     9.395e+00     9.540e+00     9.685e+00     9.831e+00     9.979e+00     1.013e+01     1.028e+01     1.043e+01
     3.674e+00     3.734e+00     3.795e+00     3.855e+00     3.916e+00     3.978e+00     4.040e+00     4.102e+00     4.165e+00     4.228e+00     4.291e+00     4.354e+00     4.418e+00     4.483e+00     4.548e+00     4.613e+00
     1.618e+00     1.644e+00     1.670e+00     1.696e+00     1.723e+00     1.749e+00     1.776e+00     1.803e+00     1.830e+00     1.857e+00     1.885e+00     1.912e+00     1.940e+00     1.968e+00     1.996e+00     2.024e+00
     6.850e-01     6.958e-01     7.067e-01     7.177e-01     7.287e-01     7.398e-01     7.509e-01     7.621e-01     7.734e-01     7.847e-01     7.961e-01     8.075e-01     8.190e-01     8.306e-01     8.421e-01     8.538e-01
     2.811e-01     2.855e-01     2.899e-01     2.943e-01     2.988e-01     3.032e-01     3.077e-01     3.122e-01     3.168e-01     3.213e-01     3.259e-01     3.305e-01     3.351e-01     3.397e-01     3.444e-01     3.491e-01
     1.134e-01     1.151e-01     1.169e-01     1.186e-01     1.204e-01     1.222e-01     1.240e-01     1.258e-01     1.276e-01     1.294e-01     1.312e-01     1.330e-01     1.348e-01     1.367e-01     1.385e-01     1.404e-01
     4.236e-02     4.300e-02     4.364e-02     4.429e-02     4.493e-02     4.558e-02     4.624e-02     4.689e-02     4.755e-02     4.821e-02     4.887e-02     4.954e-02     5.021e-02     5.088e-02     5.155e-02     5.222e-02
     1.507e-02     1.529e-02     1.552e-02     1.574e-02     1.597e-02     1.619e-02     1.642e-02     1.665e-02     1.688e-02     1.711e-02     1.734e-02     1.758e-02     1.781e-02     1.804e-02     1.828e-02     1.851e-02
     5.053e-03     5.126e-03     5.200e-03     5.274e-03     5.348e-03     5.423e-03     5.497e-03     5.572e-03     5.648e-03     5.723e-03     5.799e-03     5.875e-03     5.951e-03     6.027e-03     6.104e-03     6.181e-03
     1.559e-03     1.581e-03     1.603e-03     1.626e-03     1.648e-03     1.670e-03     1.693e-03     1.716e-03     1.738e-03     1.761e-03     1.784e-03     1.807e-03     1.830e-03     1.853e-03     1.876e-03     1.899e-03
     4.280e-04     4.340e-04     4.400e-04     4.460e-04     4.520e-04     4.580e-04     4.641e-04     4.701e-04     4.762e-04     4.823e-04     4.884e-04     4.945e-04     5.006e-04     5.068e-04     5.129e-04     5.191e-04
     1.008e-04     1.022e-04     1.036e-04     1.049e-04     1.063e-04     1.077e-04     1.091e-04     1.105e-04     1.118e-04     1.132e-04     1.146e-04     1.160e-04     1.174e-04     1.188e-04     1.202e-04     1.216e-04
     4.940e-06     5.004e-06     5.067e-06     5.131e-06     5.194e-06     5.258e-06     5.322e-06     5.386e-06     5.449e-06     5.513e-06     5.577e-06     5.641e-06     5.705e-06     5.769e-06     5.833e-06     5.897e-06
