MSTWnlo_0112  MSTWnlo_0113  MSTWnlo_0114  MSTWnlo_0115  MSTWnlo_0116  MSTWnlo_0117  MSTWnlo_0118  MSTWnlo_0119  MSTWnlo_0120  MSTWnlo_0121  MSTWnlo_0122  MSTWnlo_0123  MSTWnlo_0124  MSTWnlo_0125  MSTWnlo_0126  MSTWnlo_0127
2.512736e+03  2.557985e+03  2.603208e+03  2.647850e+03  2.692803e+03  2.737652e+03  2.782268e+03  2.825851e+03  2.869947e+03  2.913211e+03  2.956782e+03  3.000055e+03  3.043032e+03  3.085342e+03  3.125336e+03  3.166327e+03
1.141187e+03  1.162084e+03  1.182963e+03  1.203631e+03  1.224412e+03  1.245123e+03  1.265708e+03  1.285779e+03  1.306188e+03  1.326143e+03  1.346225e+03  1.366173e+03  1.386007e+03  1.405605e+03  1.424442e+03  1.443523e+03
5.481555e+02  5.583119e+02  5.684804e+02  5.785583e+02  5.886913e+02  5.987758e+02  6.087946e+02  6.185563e+02  6.285193e+02  6.382340e+02  6.480080e+02  6.577146e+02  6.673886e+02  6.769847e+02  6.863631e+02  6.957657e+02
2.760172e+02  2.811683e+02  2.863319e+02  2.914631e+02  2.966195e+02  3.017493e+02  3.068416e+02  3.118001e+02  3.168821e+02  3.218312e+02  3.268031e+02  3.317452e+02  3.366833e+02  3.415985e+02  3.464828e+02  3.513378e+02
1.425823e+02  1.452507e+02  1.479258e+02  1.505957e+02  1.532751e+02  1.559427e+02  1.585861e+02  1.611609e+02  1.638100e+02  1.663902e+02  1.689761e+02  1.715516e+02  1.741317e+02  1.767080e+02  1.793120e+02  1.818789e+02
7.529272e+01  7.670230e+01  7.811656e+01  7.953403e+01  8.095603e+01  8.237234e+01  8.377321e+01  8.513864e+01  8.654978e+01  8.792364e+01  8.929874e+01  9.067100e+01  9.204954e+01  9.343204e+01  9.485474e+01  9.624381e+01
4.061121e+01  4.136854e+01  4.212891e+01  4.289354e+01  4.366194e+01  4.442690e+01  4.518306e+01  4.591908e+01  4.668518e+01  4.742941e+01  4.817459e+01  4.891933e+01  4.966926e+01  5.042639e+01  5.121960e+01  5.198619e+01
2.232612e+01  2.273920e+01  2.315421e+01  2.357284e+01  2.399459e+01  2.441428e+01  2.482918e+01  2.523216e+01  2.565475e+01  2.606421e+01  2.647487e+01  2.688574e+01  2.730079e+01  2.772273e+01  2.817332e+01  2.860322e+01
1.254555e+01  1.277462e+01  1.300510e+01  1.323853e+01  1.347423e+01  1.370875e+01  1.394066e+01  1.416552e+01  1.440297e+01  1.463263e+01  1.486335e+01  1.509466e+01  1.532911e+01  1.556921e+01  1.583124e+01  1.607718e+01
7.067106e+00  7.193673e+00  7.321312e+00  7.451192e+00  7.582586e+00  7.713338e+00  7.842685e+00  7.967971e+00  8.101064e+00  8.229696e+00  8.359090e+00  8.489189e+00  8.621480e+00  8.758117e+00  8.910850e+00  9.051321e+00
4.066526e+00  4.137843e+00  4.209938e+00  4.283688e+00  4.358406e+00  4.432825e+00  4.506522e+00  4.577868e+00  4.653965e+00  4.727599e+00  4.801812e+00  4.876572e+00  4.952948e+00  5.032567e+00  5.123868e+00  5.205788e+00
2.362383e+00  2.402789e+00  2.443706e+00  2.485789e+00  2.528523e+00  2.571144e+00  2.613382e+00  2.654258e+00  2.698020e+00  2.740412e+00  2.783263e+00  2.826512e+00  2.870954e+00  2.917715e+00  2.972850e+00  3.020910e+00
1.371430e+00  1.394194e+00  1.417291e+00  1.441158e+00  1.465503e+00  1.489817e+00  1.513919e+00  1.537233e+00  1.562310e+00  1.586598e+00  1.611234e+00  1.636208e+00  1.662020e+00  1.689441e+00  1.722805e+00  1.750918e+00
8.027921e-01  8.156767e-01  8.287813e-01  8.423863e-01  8.563328e-01  8.702903e-01  8.841339e-01  8.975207e-01  9.119751e-01  9.259744e-01  9.402357e-01  9.547705e-01  9.698899e-01  9.861223e-01  1.006539e+00  1.023085e+00
4.747251e-01  4.820632e-01  4.895455e-01  4.973522e-01  5.053965e-01  5.134661e-01  5.214758e-01  5.292216e-01  5.376136e-01  5.457371e-01  5.540671e-01  5.625969e-01  5.715332e-01  5.812445e-01  5.938868e-01  6.036900e-01
2.806156e-01  2.847782e-01  2.890326e-01  2.934942e-01  2.981201e-01  3.027714e-01  3.073915e-01  3.118595e-01  3.167211e-01  3.214213e-01  3.262811e-01  3.312835e-01  3.365647e-01  3.423812e-01  3.502386e-01  3.560342e-01
1.655531e-01  1.679004e-01  1.703051e-01  1.728401e-01  1.754862e-01  1.781526e-01  1.808041e-01  1.833698e-01  1.861728e-01  1.888802e-01  1.917030e-01  1.946288e-01  1.977423e-01  2.012209e-01  2.061061e-01  2.095166e-01
9.808198e-02  9.940648e-02  1.007682e-01  1.022097e-01  1.037248e-01  1.052559e-01  1.067817e-01  1.082598e-01  1.098780e-01  1.114417e-01  1.130855e-01  1.148036e-01  1.166481e-01  1.187418e-01  1.218024e-01  1.238134e-01
5.792991e-02  5.867065e-02  5.943538e-02  6.024794e-02  6.110871e-02  6.198091e-02  6.285336e-02  6.369905e-02  6.462725e-02  6.552379e-02  6.647521e-02  6.747929e-02  6.856757e-02  6.982357e-02  7.173648e-02  7.291534e-02
3.417416e-02  3.458622e-02  3.501341e-02  3.546936e-02  3.595672e-02  3.645159e-02  3.694825e-02  3.743083e-02  3.796201e-02  3.847418e-02  3.902411e-02  3.961064e-02  4.025287e-02  4.100705e-02  4.220474e-02  4.289455e-02
2.007117e-02  2.029815e-02  2.053423e-02  2.078749e-02  2.106090e-02  2.133944e-02  2.161930e-02  2.189241e-02  2.219380e-02  2.248392e-02  2.279969e-02  2.314016e-02  2.351720e-02  2.396810e-02  2.471501e-02  2.511469e-02
1.168930e-02  1.181252e-02  1.194115e-02  1.207967e-02  1.223091e-02  1.238565e-02  1.254132e-02  1.269384e-02  1.286274e-02  1.302489e-02  1.320433e-02  1.339996e-02  1.361932e-02  1.388693e-02  1.435011e-02  1.457869e-02
6.749717e-03  6.815206e-03  6.884296e-03  6.958909e-03  7.041068e-03  7.125689e-03  7.211133e-03  7.295262e-03  7.388680e-03  7.478214e-03  7.578970e-03  7.690020e-03  7.816503e-03  7.974171e-03  8.258796e-03  8.388338e-03
3.853317e-03  3.887271e-03  3.923538e-03  3.962984e-03  4.006666e-03  4.052010e-03  4.098003e-03  4.143625e-03  4.194467e-03  4.243139e-03  4.298831e-03  4.360951e-03  4.432945e-03  4.524818e-03  4.697576e-03  4.770090e-03
2.170363e-03  2.187582e-03  2.206034e-03  2.226307e-03  2.249060e-03  2.272805e-03  2.297024e-03  2.321181e-03  2.348349e-03  2.374177e-03  2.404366e-03  2.438656e-03  2.479026e-03  2.531628e-03  2.635191e-03  2.674915e-03
1.202229e-03  1.210657e-03  1.219747e-03  1.229772e-03  1.241277e-03  1.253395e-03  1.265782e-03  1.278229e-03  1.292376e-03  1.305716e-03  1.321714e-03  1.340260e-03  1.362468e-03  1.392023e-03  1.453122e-03  1.474406e-03
6.570538e-04  6.610017e-04  6.653581e-04  6.701305e-04  6.757521e-04  6.817613e-04  6.879187e-04  6.942128e-04  7.013905e-04  7.081426e-04  7.164448e-04  7.262758e-04  7.383149e-04  7.546630e-04  7.901524e-04  8.013848e-04
3.489207e-04  3.506296e-04  3.525613e-04  3.547083e-04  3.573010e-04  3.601111e-04  3.630249e-04  3.660550e-04  3.695429e-04  3.728185e-04  3.769469e-04  3.819761e-04  3.882697e-04  3.970590e-04  4.170609e-04  4.227664e-04
1.810947e-04  1.817642e-04  1.825450e-04  1.834502e-04  1.845788e-04  1.858321e-04  1.871406e-04  1.885288e-04  1.901586e-04  1.916889e-04  1.936797e-04  1.961701e-04  1.993680e-04  2.039844e-04  2.149986e-04  2.178096e-04
9.145597e-05  9.167741e-05  9.195744e-05  9.229099e-05  9.274538e-05  9.326462e-05  9.381460e-05  9.440939e-05  9.513915e-05  9.581049e-05  9.673055e-05  9.792300e-05  9.949558e-05  1.018427e-04  1.077257e-04  1.090677e-04
4.454582e-05  4.459170e-05  4.466916e-05  4.476732e-05  4.492454e-05  4.511629e-05  4.532427e-05  4.556144e-05  4.586394e-05  4.613857e-05  4.653821e-05  4.708497e-05  4.782525e-05  4.897031e-05  5.199642e-05  5.260602e-05
1.493745e-05  1.492143e-05  1.491681e-05  1.491998e-05  1.494066e-05  1.497491e-05  1.501512e-05  1.506657e-05  1.514120e-05  1.520805e-05  1.531849e-05  1.548054e-05  1.571403e-05  1.609599e-05  1.718153e-05  1.736254e-05
1.938563e-06  1.929078e-06  1.921031e-06  1.913966e-06  1.909167e-06  1.906257e-06  1.904221e-06  1.904312e-06  1.907298e-06  1.909671e-06  1.917963e-06  1.933881e-06  1.959847e-06  2.007743e-06  2.163436e-06  2.180925e-06
2.323152e+03  2.366051e+03  2.408938e+03  2.451422e+03  2.494103e+03  2.536654e+03  2.578995e+03  2.620435e+03  2.662585e+03  2.703908e+03  2.745447e+03  2.786698e+03  2.827753e+03  2.868248e+03  2.906663e+03  2.946508e+03
1.049996e+03  1.069525e+03  1.089052e+03  1.108447e+03  1.127944e+03  1.147357e+03  1.166650e+03  1.185494e+03  1.204771e+03  1.223617e+03  1.242542e+03  1.261360e+03  1.280107e+03  1.298663e+03  1.316578e+03  1.334967e+03
5.021274e+02  5.114836e+02  5.208625e+02  5.302016e+02  5.395894e+02  5.489341e+02  5.582221e+02  5.672711e+02  5.765780e+02  5.856640e+02  5.947735e+02  6.038439e+02  6.128997e+02  6.218969e+02  6.307369e+02  6.397307e+02
2.512523e+02  2.559309e+02  2.606288e+02  2.653254e+02  2.700436e+02  2.747412e+02  2.794094e+02  2.839511e+02  2.886447e+02  2.932216e+02  2.978061e+02  3.023755e+02  3.069511e+02  3.115166e+02  3.160839e+02  3.206843e+02
1.291989e+02  1.315931e+02  1.339999e+02  1.364165e+02  1.388452e+02  1.412646e+02  1.436658e+02  1.460021e+02  1.484261e+02  1.507885e+02  1.531553e+02  1.555160e+02  1.578879e+02  1.602672e+02  1.626953e+02  1.651083e+02
6.789832e+01  6.914665e+01  7.040218e+01  7.166796e+01  7.294262e+01  7.421304e+01  7.547234e+01  7.669679e+01  7.797356e+01  7.921739e+01  8.046418e+01  8.170928e+01  8.296436e+01  8.423158e+01  8.555332e+01  8.684606e+01
3.644666e+01  3.710890e+01  3.777553e+01  3.845015e+01  3.913134e+01  3.981048e+01  4.048332e+01  4.113676e+01  4.182182e+01  4.248839e+01  4.315769e+01  4.382719e+01  4.450450e+01  4.519306e+01  4.592804e+01  4.663336e+01
1.992651e+01  2.028282e+01  2.064216e+01  2.100702e+01  2.137674e+01  2.174537e+01  2.211062e+01  2.246496e+01  2.283842e+01  2.320108e+01  2.356639e+01  2.393272e+01  2.430481e+01  2.468619e+01  2.510403e+01  2.549507e+01
1.109827e+01  1.129300e+01  1.148980e+01  1.169025e+01  1.189415e+01  1.209744e+01  1.229908e+01  1.249439e+01  1.270132e+01  1.290195e+01  1.310474e+01  1.330867e+01  1.351664e+01  1.373187e+01  1.397412e+01  1.419444e+01
6.227810e+00  6.334839e+00  6.443214e+00  6.554003e+00  6.667072e+00  6.779877e+00  6.891897e+00  7.000296e+00  7.115636e+00  7.227429e+00  7.340790e+00  7.455168e+00  7.572374e+00  7.694955e+00  7.837144e+00  7.962139e+00
3.524873e+00  3.583932e+00  3.643822e+00  3.705297e+00  3.768254e+00  3.831121e+00  3.893589e+00  3.954059e+00  4.018606e+00  4.081184e+00  4.144851e+00  4.209366e+00  4.275859e+00  4.346126e+00  4.430384e+00  4.501660e+00
2.030366e+00  2.063460e+00  2.097076e+00  2.131717e+00  2.167339e+00  2.202950e+00  2.238351e+00  2.272654e+00  2.309382e+00  2.344967e+00  2.381328e+00  2.418375e+00  2.456802e+00  2.497848e+00  2.548803e+00  2.590119e+00
1.168050e+00  1.186487e+00  1.205259e+00  1.224683e+00  1.244729e+00  1.264818e+00  1.284797e+00  1.304174e+00  1.324977e+00  1.345124e+00  1.365827e+00  1.387036e+00  1.409194e+00  1.433155e+00  1.464003e+00  1.487838e+00
6.718264e-01  6.820455e-01  6.924706e-01  7.033167e-01  7.145440e-01  7.258305e-01  7.370609e-01  7.479532e-01  7.596839e-01  7.710447e-01  7.828045e-01  7.949108e-01  8.076584e-01  8.216423e-01  8.403509e-01  8.540487e-01
3.920757e-01  3.978149e-01  4.036778e-01  4.098070e-01  4.161840e-01  4.226086e-01  4.290037e-01  4.352087e-01  4.419229e-01  4.484133e-01  4.551886e-01  4.622088e-01  4.696587e-01  4.779520e-01  4.894907e-01  4.974790e-01
2.273693e-01  2.305527e-01  2.338126e-01  2.372308e-01  2.408099e-01  2.444228e-01  2.480223e-01  2.515191e-01  2.553208e-01  2.589853e-01  2.628445e-01  2.668766e-01  2.711924e-01  2.760671e-01  2.831334e-01  2.877412e-01
1.312099e-01  1.329567e-01  1.347538e-01  1.366424e-01  1.386312e-01  1.406441e-01  1.426546e-01  1.446125e-01  1.467457e-01  1.488004e-01  1.509829e-01  1.532843e-01  1.557728e-01  1.586272e-01  1.629459e-01  1.655858e-01
7.597276e-02  7.692867e-02  7.791619e-02  7.895764e-02  8.006100e-02  8.118152e-02  8.230298e-02  8.339823e-02  8.459479e-02  8.574629e-02  8.698132e-02  8.829737e-02  8.973433e-02  9.141311e-02  9.406458e-02  9.557837e-02
4.379599e-02  4.431361e-02  4.484953e-02  4.541728e-02  4.602374e-02  4.664185e-02  4.726090e-02  4.786736e-02  4.853338e-02  4.917263e-02  4.986626e-02  5.061364e-02  5.143802e-02  5.241971e-02  5.403728e-02  5.489775e-02
2.499004e-02  2.526494e-02  2.555090e-02  2.585487e-02  2.618314e-02  2.651839e-02  2.685490e-02  2.718615e-02  2.755140e-02  2.790135e-02  2.828613e-02  2.870546e-02  2.917410e-02  2.974292e-02  3.072333e-02  3.120633e-02
1.417944e-02  1.432235e-02  1.447235e-02  1.463241e-02  1.480664e-02  1.498530e-02  1.516546e-02  1.534349e-02  1.554053e-02  1.572913e-02  1.593941e-02  1.617123e-02  1.643431e-02  1.676029e-02  1.734792e-02  1.761501e-02
7.955547e-03  8.028328e-03  8.105371e-03  8.188187e-03  8.278901e-03  8.372715e-03  8.467718e-03  8.561903e-03  8.666939e-03  8.767301e-03  8.880911e-03  9.007722e-03  9.154138e-03  9.339881e-03  9.689957e-03  9.836266e-03
4.383131e-03  4.418834e-03  4.456889e-03  4.498169e-03  4.543861e-03  4.591479e-03  4.639926e-03  4.688217e-03  4.742684e-03  4.794395e-03  4.854098e-03  4.921813e-03  5.001388e-03  5.104580e-03  5.308573e-03  5.386617e-03
2.383081e-03  2.400041e-03  2.418258e-03  2.438199e-03  2.460667e-03  2.484264e-03  2.508384e-03  2.532596e-03  2.560266e-03  2.586327e-03  2.617141e-03  2.652803e-03  2.695459e-03  2.752062e-03  2.869648e-03  2.910602e-03
1.260005e-03  1.267537e-03  1.275770e-03  1.284806e-03  1.295318e-03  1.306453e-03  1.317851e-03  1.329466e-03  1.342869e-03  1.355429e-03  1.370721e-03  1.388788e-03  1.410876e-03  1.440916e-03  1.506768e-03  1.527461e-03
6.548095e-04  6.579346e-04  6.614567e-04  6.653880e-04  6.700677e-04  6.751096e-04  6.803163e-04  6.857144e-04  6.920285e-04  6.979480e-04  7.053405e-04  7.142926e-04  7.255086e-04  7.412615e-04  7.774792e-04  7.877553e-04
3.302394e-04  3.313880e-04  3.327288e-04  3.342928e-04  3.362189e-04  3.383436e-04  3.405661e-04  3.429190e-04  3.457291e-04  3.483648e-04  3.517575e-04  3.560051e-04  3.614699e-04  3.694240e-04  3.886505e-04  3.935295e-04
1.607332e-04  1.610775e-04  1.615177e-04  1.620536e-04  1.627789e-04  1.636082e-04  1.644854e-04  1.654370e-04  1.666238e-04  1.677147e-04  1.692069e-04  1.711473e-04  1.737203e-04  1.775922e-04  1.874877e-04  1.897116e-04
7.539630e-05  7.544841e-05  7.554942e-05  7.569000e-05  7.591710e-05  7.619854e-05  7.650530e-05  7.685682e-05  7.731428e-05  7.773177e-05  7.834476e-05  7.918391e-05  8.033957e-05  8.213935e-05  8.701327e-05  8.797229e-05
1.337078e-05  1.334538e-05  1.332870e-05  1.331969e-05  1.332538e-05  1.334174e-05  1.336304e-05  1.339455e-05  1.344423e-05  1.348875e-05  1.357028e-05  1.369501e-05  1.388079e-05  1.419324e-05  1.512454e-05  1.526593e-05
1.978787e+03  2.015986e+03  2.053292e+03  2.090525e+03  2.127932e+03  2.165231e+03  2.202347e+03  2.238749e+03  2.276151e+03  2.312894e+03  2.349657e+03  2.386267e+03  2.422805e+03  2.459036e+03  2.493732e+03  2.530493e+03
8.858491e+02  9.023795e+02  9.189818e+02  9.356210e+02  9.523635e+02  9.690503e+02  9.856603e+02  1.001889e+03  1.018681e+03  1.035136e+03  1.051615e+03  1.068034e+03  1.084460e+03  1.100835e+03  1.116846e+03  1.133586e+03
4.186384e+02  4.263538e+02  4.341232e+02  4.419408e+02  4.498199e+02  4.576761e+02  4.655001e+02  4.731226e+02  4.810520e+02  4.888061e+02  4.965887e+02  5.043443e+02  5.121290e+02  5.199416e+02  5.277600e+02  5.357847e+02
2.073415e+02  2.111030e+02  2.148998e+02  2.187332e+02  2.226098e+02  2.264785e+02  2.303301e+02  2.340761e+02  2.379891e+02  2.418130e+02  2.456594e+02  2.495003e+02  2.533709e+02  2.572855e+02  2.613184e+02  2.653439e+02
1.055180e+02  1.073994e+02  1.093001e+02  1.112278e+02  1.131834e+02  1.151376e+02  1.170823e+02  1.189717e+02  1.209514e+02  1.228868e+02  1.248374e+02  1.267914e+02  1.287684e+02  1.307839e+02  1.329240e+02  1.349935e+02
5.460328e+01  5.555725e+01  5.652163e+01  5.750372e+01  5.850391e+01  5.950447e+01  6.050016e+01  6.146696e+01  6.248277e+01  6.347547e+01  6.447957e+01  6.548923e+01  6.651604e+01  6.757291e+01  6.873491e+01  6.981381e+01
2.887633e+01  2.937077e+01  2.987110e+01  3.038211e+01  3.090489e+01  3.142822e+01  3.194947e+01  3.245520e+01  3.298826e+01  3.350855e+01  3.403733e+01  3.457114e+01  3.511717e+01  3.568528e+01  3.633315e+01  3.690809e+01
1.547717e+01  1.573622e+01  1.599865e+01  1.626733e+01  1.654339e+01  1.682005e+01  1.709583e+01  1.736326e+01  1.764607e+01  1.792176e+01  1.820349e+01  1.848920e+01  1.878332e+01  1.909309e+01  1.946053e+01  1.977043e+01
8.427021e+00  8.564621e+00  8.704249e+00  8.847479e+00  8.995228e+00  9.143532e+00  9.291350e+00  9.434872e+00  9.586975e+00  9.735042e+00  9.887299e+00  1.004255e+01  1.020347e+01  1.037510e+01  1.058714e+01  1.075646e+01
4.601963e+00  4.675071e+00  4.749444e+00  4.825841e+00  4.904976e+00  4.984528e+00  5.063781e+00  5.140997e+00  5.222860e+00  5.302454e+00  5.384872e+00  5.469460e+00  5.557804e+00  5.653285e+00  5.776421e+00  5.869005e+00
2.537596e+00  2.576633e+00  2.616435e+00  2.657412e+00  2.699975e+00  2.742855e+00  2.785598e+00  2.827341e+00  2.871633e+00  2.914707e+00  2.959595e+00  3.005975e+00  3.054819e+00  3.108435e+00  3.180656e+00  3.231534e+00
1.415936e+00  1.437000e+00  1.458523e+00  1.480734e+00  1.503854e+00  1.527215e+00  1.550527e+00  1.573310e+00  1.597560e+00  1.621139e+00  1.645861e+00  1.671594e+00  1.698935e+00  1.729439e+00  1.772334e+00  1.800623e+00
7.819746e-01  7.931542e-01  8.046024e-01  8.164322e-01  8.287964e-01  8.413156e-01  8.538186e-01  8.660509e-01  8.791433e-01  8.918322e-01  9.052370e-01  9.193135e-01  9.344167e-01  9.515358e-01  9.767142e-01  9.922296e-01
4.299246e-01  4.357920e-01  4.418141e-01  4.480453e-01  4.545971e-01  4.612383e-01  4.678740e-01  4.743855e-01  4.814011e-01  4.881557e-01  4.953711e-01  5.030168e-01  5.113084e-01  5.208622e-01  5.355745e-01  5.440357e-01
2.387795e-01  2.418753e-01  2.450612e-01  2.483641e-01  2.518547e-01  2.554047e-01  2.589468e-01  2.624404e-01  2.662262e-01  2.698472e-01  2.737659e-01  2.779552e-01  2.825464e-01  2.879312e-01  2.966038e-01  3.012543e-01
1.305557e-01  1.321444e-01  1.337842e-01  1.354925e-01  1.373023e-01  1.391525e-01  1.409987e-01  1.428265e-01  1.448188e-01  1.467189e-01  1.487995e-01  1.510455e-01  1.535369e-01  1.565187e-01  1.615542e-01  1.640554e-01
7.067078e-02  7.146841e-02  7.229467e-02  7.316143e-02  7.408129e-02  7.502537e-02  7.597155e-02  7.690896e-02  7.793954e-02  7.892094e-02  8.000522e-02  8.119005e-02  8.252282e-02  8.415096e-02  8.703565e-02  8.836038e-02
3.787086e-02  3.826185e-02  3.866925e-02  3.909811e-02  3.955684e-02  4.002875e-02  4.050394e-02  4.097602e-02  4.150014e-02  4.199800e-02  4.255399e-02  4.317021e-02  4.387425e-02  4.475283e-02  4.638939e-02  4.708208e-02
1.999486e-02  2.018017e-02  2.037529e-02  2.058120e-02  2.080435e-02  2.103394e-02  2.126609e-02  2.149887e-02  2.175894e-02  2.200601e-02  2.228555e-02  2.260019e-02  2.296514e-02  2.343188e-02  2.434625e-02  2.470229e-02
1.036580e-02  1.045024e-02  1.053986e-02  1.063519e-02  1.073961e-02  1.084806e-02  1.095791e-02  1.106868e-02  1.119424e-02  1.131295e-02  1.144959e-02  1.160652e-02  1.179150e-02  1.203473e-02  1.253564e-02  1.271405e-02
5.276383e-03  5.313197e-03  5.352574e-03  5.394886e-03  5.441953e-03  5.491344e-03  5.541568e-03  5.592449e-03  5.651258e-03  5.706394e-03  5.771393e-03  5.847563e-03  5.939202e-03  6.062996e-03  6.331411e-03  6.418425e-03
2.594265e-03  2.608893e-03  2.624946e-03  2.642468e-03  2.662413e-03  2.683427e-03  2.705060e-03  2.727289e-03  2.753301e-03  2.777713e-03  2.807267e-03  2.842674e-03  2.886306e-03  2.947283e-03  3.086751e-03  3.127593e-03
1.238589e-03  1.243886e-03  1.249865e-03  1.256586e-03  1.264468e-03  1.272930e-03  1.281715e-03  1.290876e-03  1.301822e-03  1.312089e-03  1.324938e-03  1.340749e-03  1.360792e-03  1.389778e-03  1.459826e-03  1.478206e-03
5.684968e-04  5.701245e-04  5.720529e-04  5.743390e-04  5.771515e-04  5.802726e-04  5.835534e-04  5.870337e-04  5.913428e-04  5.953595e-04  6.006378e-04  6.073720e-04  6.162045e-04  6.293907e-04  6.632126e-04  6.710886e-04
2.492133e-04  2.495588e-04  2.500319e-04  2.506643e-04  2.515324e-04  2.525497e-04  2.536388e-04  2.548379e-04  2.563871e-04  2.578295e-04  2.598586e-04  2.625730e-04  2.662674e-04  2.720033e-04  2.876075e-04  2.907879e-04
1.037609e-04  1.037391e-04  1.037745e-04  1.038714e-04  1.040709e-04  1.043360e-04  1.046293e-04  1.049842e-04  1.054734e-04  1.059280e-04  1.066396e-04  1.076500e-04  1.090917e-04  1.114354e-04  1.182058e-04  1.193925e-04
9.447465e-06  9.421071e-06  9.399878e-06  9.384380e-06  9.378078e-06  9.378457e-06  9.381049e-06  9.391109e-06  9.411473e-06  9.430672e-06  9.474901e-06  9.548016e-06  9.662963e-06  9.866855e-06  1.051794e-05  1.060277e-05
1.546764e+03  1.575399e+03  1.604303e+03  1.633557e+03  1.663111e+03  1.692664e+03  1.722214e+03  1.751143e+03  1.781265e+03  1.810953e+03  1.840725e+03  1.870469e+03  1.900389e+03  1.930428e+03  1.960211e+03  1.991650e+03
6.771725e+02  6.893873e+02  7.017335e+02  7.142783e+02  7.270312e+02  7.397889e+02  7.525503e+02  7.650090e+02  7.780322e+02  7.908592e+02  8.037755e+02  8.167310e+02  8.298176e+02  8.430902e+02  8.567779e+02  8.706132e+02
3.128130e+02  3.182977e+02  3.238559e+02  3.295217e+02  3.353069e+02  3.411091e+02  3.469145e+02  3.525711e+02  3.585064e+02  3.643387e+02  3.702489e+02  3.761981e+02  3.822450e+02  3.884608e+02  3.951560e+02  4.015558e+02
1.508742e+02  1.534457e+02  1.560557e+02  1.587244e+02  1.614625e+02  1.642130e+02  1.669676e+02  1.696508e+02  1.724698e+02  1.752357e+02  1.780601e+02  1.809163e+02  1.838415e+02  1.868894e+02  1.903379e+02  1.934212e+02
7.438399e+01  7.561751e+01  7.687164e+01  7.815544e+01  7.948082e+01  8.081456e+01  8.214977e+01  8.345235e+01  8.482039e+01  8.616214e+01  8.754339e+01  8.894779e+01  9.039896e+01  9.193175e+01  9.375801e+01  9.527629e+01
3.707806e+01  3.767487e+01  3.828276e+01  3.890556e+01  3.955182e+01  4.020410e+01  4.085613e+01  4.149358e+01  4.216350e+01  4.281929e+01  4.350097e+01  4.419823e+01  4.492563e+01  4.570570e+01  4.668600e+01  4.743952e+01
1.873519e+01  1.902724e+01  1.932490e+01  1.963002e+01  1.994813e+01  2.026979e+01  2.059141e+01  2.090650e+01  2.123810e+01  2.156181e+01  2.190167e+01  2.225201e+01  2.262073e+01  2.302339e+01  2.355768e+01  2.393506e+01
9.578910e+00  9.723639e+00  9.871287e+00  1.002247e+01  1.018080e+01  1.034112e+01  1.050168e+01  1.065922e+01  1.082557e+01  1.098736e+01  1.115869e+01  1.133704e+01  1.152642e+01  1.173714e+01  1.203192e+01  1.222330e+01
4.910894e+00  4.982322e+00  5.055276e+00  5.129887e+00  5.208342e+00  5.287980e+00  5.367771e+00  5.446265e+00  5.529504e+00  5.610149e+00  5.696224e+00  5.786828e+00  5.884074e+00  5.994299e+00  6.157100e+00  6.254054e+00
2.506231e+00  2.541164e+00  2.576873e+00  2.613421e+00  2.651955e+00  2.691154e+00  2.730474e+00  2.769256e+00  2.810612e+00  2.850532e+00  2.893466e+00  2.939178e+00  2.988823e+00  3.046182e+00  3.135479e+00  3.184373e+00
1.274185e+00  1.291069e+00  1.308387e+00  1.326116e+00  1.344845e+00  1.363929e+00  1.383115e+00  1.402108e+00  1.422477e+00  1.442036e+00  1.463308e+00  1.486192e+00  1.511367e+00  1.541083e+00  1.589825e+00  1.614368e+00
6.478006e-01  6.558924e-01  6.642038e-01  6.727274e-01  6.817413e-01  6.909630e-01  7.002233e-01  7.094670e-01  7.194228e-01  7.289321e-01  7.394160e-01  7.507993e-01  7.634952e-01  7.788191e-01  8.053100e-01  8.175591e-01
3.219106e-01  3.256565e-01  3.295081e-01  3.334729e-01  3.376707e-01  3.419903e-01  3.463219e-01  3.506776e-01  3.554023e-01  3.599022e-01  3.649194e-01  3.704338e-01  3.766802e-01  3.843940e-01  3.984856e-01  4.044467e-01
1.569680e-01  1.586348e-01  1.603619e-01  1.621415e-01  1.640357e-01  1.659888e-01  1.679556e-01  1.699369e-01  1.721116e-01  1.741829e-01  1.765093e-01  1.791071e-01  1.820982e-01  1.858846e-01  1.932040e-01  1.960353e-01
7.569502e-02  7.641867e-02  7.717219e-02  7.795165e-02  7.878753e-02  7.965192e-02  8.052354e-02  8.140719e-02  8.239162e-02  8.332343e-02  8.438547e-02  8.559150e-02  8.700310e-02  8.883828e-02  9.258513e-02  9.391385e-02
3.513022e-02  3.542414e-02  3.573141e-02  3.605168e-02  3.639759e-02  3.675833e-02  3.712162e-02  3.749394e-02  3.791517e-02  3.831033e-02  3.877152e-02  3.930490e-02  3.994318e-02  4.079570e-02  4.264228e-02  4.323616e-02
1.585456e-02  1.596654e-02  1.608516e-02  1.621020e-02  1.634627e-02  1.648929e-02  1.663462e-02  1.678424e-02  1.695653e-02  1.711809e-02  1.731053e-02  1.753806e-02  1.781664e-02  1.820028e-02  1.907979e-02  1.933679e-02
6.865489e-03  6.904232e-03  6.945786e-03  6.990544e-03  7.039967e-03  7.092571e-03  7.146449e-03  7.202456e-03  7.268526e-03  7.330555e-03  7.406313e-03  7.498444e-03  7.614396e-03  7.779849e-03  8.182658e-03  8.288390e-03
2.849800e-03  2.861697e-03  2.874723e-03  2.889269e-03  2.905760e-03  2.923627e-03  2.942055e-03  2.961651e-03  2.985263e-03  3.007576e-03  3.035762e-03  3.071203e-03  3.117181e-03  3.185304e-03  3.361466e-03  3.402779e-03
1.115760e-03  1.118619e-03  1.121904e-03  1.125830e-03  1.130526e-03  1.135781e-03  1.141291e-03  1.147348e-03  1.154901e-03  1.162062e-03  1.171678e-03  1.184268e-03  1.201222e-03  1.227481e-03  1.299835e-03  1.314763e-03
4.117992e-04  4.121817e-04  4.127080e-04  4.134720e-04  4.145225e-04  4.157874e-04  4.171589e-04  4.187688e-04  4.208967e-04  4.229103e-04  4.259167e-04  4.300519e-04  4.358876e-04  4.453788e-04  4.732858e-04  4.782625e-04
1.384253e-04  1.383071e-04  1.382383e-04  1.382459e-04  1.383511e-04  1.385290e-04  1.387467e-04  1.390578e-04  1.395172e-04  1.399606e-04  1.407650e-04  1.419591e-04  1.437487e-04  1.468312e-04  1.565673e-04  1.580067e-04
4.211015e-05  4.199616e-05  4.189703e-05  4.181866e-05  4.176985e-05  4.174473e-05  4.173076e-05  4.175119e-05  4.180452e-05  4.186217e-05  4.203916e-05  4.233620e-05  4.282077e-05  4.371155e-05  4.675870e-05  4.710908e-05
3.255420e-06  3.240488e-06  3.225594e-06  3.210822e-06  3.198792e-06  3.188237e-06  3.178460e-06  3.171966e-06  3.166505e-06  3.162210e-06  3.168382e-06  3.183714e-06  3.214321e-06  3.276649e-06  3.514848e-06  3.530644e-06
1.059859e+03  1.078439e+03  1.097337e+03  1.116705e+03  1.136616e+03  1.156692e+03  1.176864e+03  1.196668e+03  1.217424e+03  1.237999e+03  1.258947e+03  1.280191e+03  1.301924e+03  1.324534e+03  1.349510e+03  1.372750e+03
4.421560e+02  4.496033e+02  4.571870e+02  4.649739e+02  4.730334e+02  4.811775e+02  4.893750e+02  4.974183e+02  5.058574e+02  5.142005e+02  5.227946e+02  5.315870e+02  5.406740e+02  5.503130e+02  5.617351e+02  5.713211e+02
1.934057e+02  1.965349e+02  1.997288e+02  2.030046e+02  2.064235e+02  2.098827e+02  2.133717e+02  2.168024e+02  2.204006e+02  2.239460e+02  2.276475e+02  2.314686e+02  2.354715e+02  2.398030e+02  2.453195e+02  2.494660e+02
8.683507e+01  8.817895e+01  8.955270e+01  9.096039e+01  9.243833e+01  9.393742e+01  9.544919e+01  9.694135e+01  9.850931e+01  1.000441e+02  1.016703e+02  1.033648e+02  1.051627e+02  1.071522e+02  1.098670e+02  1.116922e+02
3.956064e+01  4.014738e+01  4.074738e+01  4.136211e+01  4.200845e+01  4.266751e+01  4.333289e+01  4.399102e+01  4.468517e+01  4.536127e+01  4.608756e+01  4.685297e+01  4.767529e+01  4.860682e+01  4.996988e+01  5.078776e+01
1.786203e+01  1.811283e+01  1.837015e+01  1.863332e+01  1.891091e+01  1.919481e+01  1.948162e+01  1.976704e+01  2.006844e+01  2.036133e+01  2.067951e+01  2.101974e+01  2.139056e+01  2.181979e+01  2.249405e+01  2.285453e+01
8.072289e+00  8.179054e+00  8.289107e+00  8.401357e+00  8.520201e+00  8.642134e+00  8.765379e+00  8.888931e+00  9.019776e+00  9.146329e+00  9.285706e+00  9.436745e+00  9.604101e+00  9.802514e+00  1.013572e+01  1.029502e+01
3.584512e+00  3.628669e+00  3.674211e+00  3.720568e+00  3.769779e+00  3.820555e+00  3.871988e+00  3.923854e+00  3.979108e+00  4.032353e+00  4.091864e+00  4.157108e+00  4.230710e+00  4.320719e+00  4.481936e+00  4.550779e+00
1.579607e+00  1.597528e+00  1.616063e+00  1.634859e+00  1.654946e+00  1.675709e+00  1.696802e+00  1.718188e+00  1.741217e+00  1.763331e+00  1.788322e+00  1.816218e+00  1.848210e+00  1.888480e+00  1.965489e+00  1.994963e+00
6.690645e-01  6.759324e-01  6.830446e-01  6.902515e-01  6.980138e-01  7.060622e-01  7.142604e-01  7.226015e-01  7.317590e-01  7.405036e-01  7.504718e-01  7.618593e-01  7.751876e-01  7.924618e-01  8.277672e-01  8.398797e-01
2.738769e-01  2.763540e-01  2.789294e-01  2.815554e-01  2.843889e-01  2.873423e-01  2.903637e-01  2.934636e-01  2.969133e-01  3.001946e-01  3.040107e-01  3.084594e-01  3.137903e-01  3.209267e-01  3.364992e-01  3.412898e-01
1.097506e-01  1.106080e-01  1.115072e-01  1.124280e-01  1.134273e-01  1.144762e-01  1.155490e-01  1.166676e-01  1.179290e-01  1.191206e-01  1.205458e-01  1.222423e-01  1.243231e-01  1.272012e-01  1.338941e-01  1.357486e-01
4.048031e-02  4.073621e-02  4.100770e-02  4.128796e-02  4.159466e-02  4.192018e-02  4.225387e-02  4.260807e-02  4.301604e-02  4.340081e-02  4.387534e-02  4.445715e-02  4.519192e-02  4.624753e-02  4.887824e-02  4.952502e-02
1.406870e-02  1.413626e-02  1.420881e-02  1.428533e-02  1.436958e-02  1.446017e-02  1.455478e-02  1.465745e-02  1.477826e-02  1.489319e-02  1.504072e-02  1.522802e-02  1.547259e-02  1.583923e-02  1.681684e-02  1.702945e-02
4.536812e-03  4.550912e-03  4.566308e-03  4.583306e-03  4.602484e-03  4.623623e-03  4.646227e-03  4.671964e-03  4.703072e-03  4.732955e-03  4.774129e-03  4.828781e-03  4.903219e-03  5.020546e-03  5.356821e-03  5.420381e-03
1.313583e-03  1.315255e-03  1.317256e-03  1.319699e-03  1.322669e-03  1.326156e-03  1.330179e-03  1.335177e-03  1.341483e-03  1.347629e-03  1.357356e-03  1.370897e-03  1.390611e-03  1.423536e-03  1.525646e-03  1.541885e-03
3.271957e-04  3.270031e-04  3.268556e-04  3.267708e-04  3.267703e-04  3.268660e-04  3.271995e-04  3.277886e-04  3.285897e-04  3.294516e-04  3.312670e-04  3.339789e-04  3.383763e-04  3.463314e-04  3.733179e-04  3.767358e-04
6.695737e-05  6.683408e-05  6.668206e-05  6.650107e-05  6.631588e-05  6.613342e-05  6.604780e-05  6.602170e-05  6.599021e-05  6.600660e-05  6.621871e-05  6.657081e-05  6.728668e-05  6.878321e-05  7.448717e-05  7.499565e-05
2.633480e-06  2.642933e-06  2.641453e-06  2.627054e-06  2.611851e-06  2.594599e-06  2.584394e-06  2.577823e-06  2.566657e-06  2.558820e-06  2.560486e-06  2.560842e-06  2.575910e-06  2.620048e-06  2.834715e-06  2.843623e-06
