        Data        Stat Tmpl_169.00 Stat_169.00 Tmpl_169.50 Stat_169.50 Tmpl_170.00 Stat_170.00 Tmpl_170.50 Stat_170.50 Tmpl_171.00 Stat_171.00 Tmpl_171.50 Stat_171.50 Tmpl_172.00 Stat_172.00
     30.0000      5.4772     32.8500      0.6408     33.9625      0.6516     33.3250      0.6454     33.0875      0.6431     32.3375      0.6358     30.8500      0.6210     29.1250      0.6034
     32.0000      5.6569     31.8875      0.6313     32.2375      0.6348     33.7625      0.6496     32.3625      0.6360     33.6375      0.6484     32.9375      0.6417     32.7125      0.6395
     32.0000      5.6569     29.8250      0.6106     31.4250      0.6267     31.0875      0.6234     33.1250      0.6435     33.8625      0.6506     31.9250      0.6317     32.8750      0.6410
     32.0000      5.6569     27.3750      0.5850     29.7750      0.6101     29.9875      0.6122     30.8625      0.6211     32.2875      0.6353     33.1125      0.6434     33.0375      0.6426
     24.0000      4.8990     25.5875      0.5655     27.3625      0.5848     29.3375      0.6056     29.0125      0.6022     31.1750      0.6242     30.6250      0.6187     31.9000      0.6315
     20.0000      4.4721     21.4750      0.5181     22.4500      0.5297     24.6875      0.5555     27.1500      0.5826     27.2125      0.5832     30.7625      0.6201     30.7375      0.6199
     21.0000      4.5826     18.6250      0.4825     19.2125      0.4901     21.5125      0.5186     23.7375      0.5447     25.5750      0.5654     26.8750      0.5796     27.7500      0.5890
     23.0000      4.7958     15.4875      0.4400     17.0125      0.4611     19.5250      0.4940     19.8125      0.4977     21.5125      0.5186     23.4125      0.5410     24.7500      0.5562
     17.0000      4.1231     12.4875      0.3951     13.0625      0.4041     15.7750      0.4441     16.8125      0.4584     18.1375      0.4761     19.2125      0.4901     22.2250      0.5271
     11.0000      3.3166      9.9625      0.3529     10.6000      0.3640     11.8625      0.3851     13.0250      0.4035     15.3250      0.4377     16.7750      0.4579     19.1125      0.4888
     15.0000      3.8730      6.9875      0.2955      9.1250      0.3377      9.4875      0.3444     10.4625      0.3616     12.9250      0.4019     14.0375      0.4189     15.7625      0.4439
      6.0000      2.4495      5.5750      0.2640      6.2375      0.2792      7.3375      0.3029      8.1375      0.3189      9.1000      0.3373     11.0125      0.3710     12.3125      0.3923
      6.0000      2.4495      3.7125      0.2154      4.5375      0.2382      4.9625      0.2491      6.5000      0.2850      7.0625      0.2971      8.7750      0.3312      9.2625      0.3403
      4.0000      2.0000      2.9000      0.1904      2.9625      0.1924      3.8625      0.2197      4.3625      0.2335      5.8000      0.2693      6.3625      0.2820      7.5625      0.3075
