    PDF_01    PDF_02    PDF_03    PDF_04    PDF_05    PDF_06    PDF_07    PDF_08    PDF_09    PDF_10    PDF_11    PDF_12    PDF_13    PDF_14    PDF_15    PDF_16    PDF_17    PDF_18    PDF_19    PDF_20
  8.72e+00  2.71e+00  9.28e-01  8.43e-01  1.26e+00  4.81e+00  2.57e+00  1.17e+00  3.87e+00  1.02e+00  1.56e+01  6.16e+00  4.30e+00  3.65e+00  1.74e+01  1.35e+00  2.75e+00  1.92e-01  2.51e+01  4.74e-01
  4.00e+00  9.61e-01  1.83e-01  3.07e-01  3.49e-01  1.32e+00  6.47e-01  5.37e-02  3.84e+00  1.55e-01  8.89e+00  3.81e+00  2.58e+00  1.99e+00  7.51e+00  7.21e-01  1.14e+00  3.83e-01  1.09e+01  3.84e-02
  1.92e+00  3.34e-01  1.54e-02  1.16e-01  7.02e-02  2.56e-01  7.95e-02  1.81e-01  2.79e+00  6.89e-02  5.05e+00  2.28e+00  1.52e+00  1.10e+00  3.41e+00  3.92e-01  5.00e-01  4.07e-01  4.83e+00  1.35e-01
  9.65e-01  1.03e-01  5.99e-02  4.29e-02  1.04e-02  4.71e-02  7.22e-02  1.89e-01  1.85e+00  1.04e-01  2.89e+00  1.35e+00  8.86e-01  6.28e-01  1.62e+00  2.17e-01  2.24e-01  3.14e-01  2.15e+00  1.21e-01
  4.94e-01  1.90e-02  5.94e-02  1.40e-02  2.83e-02  1.10e-01  9.49e-02  1.47e-01  1.17e+00  8.74e-02  1.66e+00  7.89e-01  5.15e-01  3.60e-01  7.83e-01  1.20e-01  9.93e-02  2.16e-01  9.21e-01  8.71e-02
  2.58e-01  8.57e-03  4.64e-02  3.53e-03  2.67e-02  1.02e-01  8.05e-02  1.03e-01  7.24e-01  6.39e-02  9.56e-01  4.63e-01  3.00e-01  2.08e-01  3.86e-01  6.69e-02  4.30e-02  1.43e-01  3.69e-01  5.82e-02
  1.37e-01  1.54e-02  3.27e-02  6.25e-05  2.02e-02  7.74e-02  5.91e-02  6.76e-02  4.43e-01  4.39e-02  5.55e-01  2.73e-01  1.75e-01  1.22e-01  1.93e-01  3.81e-02  1.80e-02  9.24e-02  1.27e-01  3.77e-02
  7.45e-02  1.45e-02  2.21e-02  1.10e-03  1.40e-02  5.40e-02  4.08e-02  4.33e-02  2.70e-01  2.91e-02  3.25e-01  1.61e-01  1.03e-01  7.20e-02  9.82e-02  2.20e-02  7.00e-03  5.89e-02  2.69e-02  2.39e-02
  4.12e-02  1.16e-02  1.48e-02  1.19e-03  9.38e-03  3.64e-02  2.76e-02  2.76e-02  1.64e-01  1.90e-02  1.92e-01  9.59e-02  6.10e-02  4.30e-02  5.10e-02  1.27e-02  2.32e-03  3.74e-02  1.12e-02  1.50e-02
  2.28e-02  8.51e-03  9.64e-03  9.80e-04  6.12e-03  2.37e-02  1.81e-02  1.72e-02  9.88e-02  1.22e-02  1.13e-01  5.67e-02  3.59e-02  2.55e-02  2.66e-02  7.24e-03  4.34e-04  2.35e-02  2.21e-02  9.20e-03
  1.28e-02  6.07e-03  6.33e-03  7.56e-04  3.98e-03  1.54e-02  1.19e-02  1.07e-02  5.99e-02  7.89e-03  6.79e-02  3.39e-02  2.14e-02  1.53e-02  1.41e-02  4.22e-03  2.37e-04  1.48e-02  2.20e-02  5.72e-03
  7.28e-03  4.22e-03  4.14e-03  5.56e-04  2.56e-03  9.91e-03  7.79e-03  6.63e-03  3.63e-02  5.11e-03  4.08e-02  2.03e-02  1.27e-02  9.20e-03  7.55e-03  2.48e-03  4.06e-04  9.29e-03  1.82e-02  3.54e-03
  4.14e-03  2.87e-03  2.68e-03  3.86e-04  1.63e-03  6.30e-03  5.02e-03  4.04e-03  2.18e-02  3.29e-03  2.43e-02  1.21e-02  7.54e-03  5.49e-03  4.02e-03  1.45e-03  3.93e-04  5.75e-03  1.38e-02  2.17e-03
  2.37e-03  1.93e-03  1.73e-03  2.55e-04  1.03e-03  3.99e-03  3.22e-03  2.45e-03  1.30e-02  2.12e-03  1.46e-02  7.21e-03  4.47e-03  3.26e-03  2.16e-03  8.53e-04  3.22e-04  3.55e-03  9.97e-03  1.32e-03
  1.37e-03  1.30e-03  1.12e-03  1.69e-04  6.54e-04  2.53e-03  2.06e-03  1.48e-03  7.83e-03  1.38e-03  8.79e-03  4.32e-03  2.66e-03  1.96e-03  1.17e-03  5.09e-04  2.41e-04  2.20e-03  6.97e-03  8.08e-04
  7.88e-04  8.62e-04  7.18e-04  1.13e-04  4.11e-04  1.59e-03  1.32e-03  8.79e-04  4.66e-03  8.93e-04  5.28e-03  2.57e-03  1.57e-03  1.17e-03  6.26e-04  3.04e-04  1.71e-04  1.35e-03  4.74e-03  4.91e-04
  4.54e-04  5.66e-04  4.59e-04  7.26e-05  2.57e-04  9.91e-04  8.33e-04  5.15e-04  2.76e-03  5.77e-04  3.16e-03  1.52e-03  9.26e-04  6.92e-04  3.32e-04  1.80e-04  1.16e-04  8.18e-04  3.15e-03  2.97e-04
  2.62e-04  3.70e-04  2.92e-04  4.56e-05  1.61e-04  6.17e-04  5.26e-04  2.98e-04  1.63e-03  3.74e-04  1.89e-03  9.03e-04  5.44e-04  4.14e-04  1.75e-04  1.08e-04  7.71e-05  4.97e-04  2.07e-03  1.80e-04
  1.51e-04  2.40e-04  1.85e-04  2.85e-05  9.96e-05  3.83e-04  3.29e-04  1.69e-04  9.50e-04  2.40e-04  1.12e-03  5.30e-04  3.16e-04  2.48e-04  8.97e-05  6.51e-05  5.01e-05  2.98e-04  1.33e-03  1.08e-04
  8.67e-05  1.54e-04  1.16e-04  1.77e-05  6.12e-05  2.37e-04  2.04e-04  9.28e-05  5.52e-04  1.54e-04  6.64e-04  3.11e-04  1.82e-04  1.50e-04  4.47e-05  4.00e-05  3.18e-05  1.78e-04  8.46e-04  6.49e-05
  4.94e-05  9.85e-05  7.30e-05  1.09e-05  3.77e-05  1.45e-04  1.26e-04  4.92e-05  3.18e-04  9.82e-05  3.90e-04  1.80e-04  1.04e-04  9.13e-05  2.09e-05  2.45e-05  2.00e-05  1.05e-04  5.30e-04  3.88e-05
  2.79e-05  6.20e-05  4.52e-05  6.77e-06  2.31e-05  8.84e-05  7.69e-05  2.47e-05  1.81e-04  6.16e-05  2.27e-04  1.03e-04  5.87e-05  5.62e-05  8.91e-06  1.50e-05  1.24e-05  6.12e-05  3.26e-04  2.30e-05
  1.57e-05  3.85e-05  2.77e-05  4.12e-06  1.40e-05  5.34e-05  4.61e-05  1.16e-05  1.01e-04  3.82e-05  1.30e-04  5.83e-05  3.25e-05  3.49e-05  3.05e-06  9.05e-06  7.62e-06  3.51e-05  1.97e-04  1.35e-05
  8.67e-06  2.36e-05  1.68e-05  2.42e-06  8.39e-06  3.18e-05  2.72e-05  4.60e-06  5.59e-05  2.33e-05  7.36e-05  3.25e-05  1.76e-05  2.18e-05  4.53e-07  5.47e-06  4.61e-06  1.99e-05  1.17e-04  7.84e-06
  4.76e-06  1.42e-05  9.96e-06  1.43e-06  4.95e-06  1.88e-05  1.58e-05  1.28e-06  3.03e-05  1.39e-05  4.09e-05  1.77e-05  9.28e-06  1.37e-05  6.23e-07  3.31e-06  2.70e-06  1.10e-05  6.80e-05  4.52e-06
  2.58e-06  8.35e-06  5.80e-06  8.36e-07  2.87e-06  1.09e-05  8.97e-06  1.41e-07  1.61e-05  8.00e-06  2.23e-05  9.38e-06  4.76e-06  8.64e-06  8.75e-07  1.97e-06  1.54e-06  5.99e-06  3.86e-05  2.58e-06
  1.35e-06  4.84e-06  3.33e-06  4.89e-07  1.65e-06  6.24e-06  5.01e-06  6.36e-07  8.43e-06  4.51e-06  1.20e-05  4.86e-06  2.37e-06  5.40e-06  7.80e-07  1.13e-06  8.85e-07  3.21e-06  2.15e-05  1.47e-06
  6.96e-07  2.73e-06  1.87e-06  2.79e-07  9.15e-07  3.48e-06  2.70e-06  6.85e-07  4.27e-06  2.45e-06  6.21e-06  2.41e-06  1.11e-06  3.30e-06  5.91e-07  6.33e-07  4.95e-07  1.65e-06  1.16e-05  7.96e-07
  3.55e-07  1.49e-06  1.02e-06  1.58e-07  4.95e-07  1.89e-06  1.41e-06  5.49e-07  2.12e-06  1.27e-06  3.15e-06  1.15e-06  4.96e-07  1.96e-06  4.06e-07  3.48e-07  2.66e-07  8.25e-07  6.06e-06  4.14e-07
  1.74e-07  7.89e-07  5.35e-07  8.15e-08  2.67e-07  1.01e-06  7.08e-07  3.90e-07  1.02e-06  6.25e-07  1.54e-06  5.26e-07  2.03e-07  1.13e-06  2.58e-07  1.84e-07  1.40e-07  3.98e-07  3.07e-06  2.13e-07
  8.21e-08  4.03e-07  2.72e-07  4.29e-08  1.39e-07  5.16e-07  3.44e-07  2.55e-07  4.78e-07  2.88e-07  7.26e-07  2.22e-07  7.56e-08  6.20e-07  1.50e-07  9.25e-08  7.18e-08  1.80e-07  1.49e-06  1.03e-07
  2.65e-08  1.44e-07  9.69e-08  1.58e-08  4.96e-08  1.85e-07  1.12e-07  1.18e-07  1.53e-07  8.37e-08  2.31e-07  5.69e-08  1.39e-08  2.37e-07  6.08e-08  3.20e-08  2.45e-08  5.05e-08  4.95e-07  3.17e-08
  3.25e-09  2.04e-08  1.37e-08  2.42e-09  7.31e-09  2.69e-08  1.34e-08  2.36e-08  1.88e-08  6.02e-09  2.73e-08  2.51e-09  9.02e-10  3.49e-08  9.43e-09  4.02e-09  3.25e-09  3.16e-09  6.25e-08  2.78e-09
  7.83e+00  2.25e+00  7.15e-01  7.28e-01  1.06e+00  4.04e+00  2.02e+00  6.71e-01  6.41e+00  5.59e-01  1.54e+01  6.56e+00  4.47e+00  3.69e+00  1.51e+01  1.32e+00  2.34e+00  3.56e-01  2.11e+01  1.70e-01
  3.58e+00  7.63e-01  9.12e-02  2.56e-01  2.80e-01  1.05e+00  4.39e-01  1.25e-01  4.67e+00  2.70e-03  8.60e+00  3.85e+00  2.57e+00  2.02e+00  6.54e+00  6.85e-01  9.59e-01  6.10e-01  8.56e+00  1.40e-01
  1.72e+00  2.36e-01  5.69e-02  9.14e-02  4.46e-02  1.51e-01  1.26e-02  2.51e-01  3.02e+00  1.17e-01  4.79e+00  2.22e+00  1.46e+00  1.12e+00  2.96e+00  3.63e-01  4.08e-01  5.05e-01  3.47e+00  1.67e-01
  8.55e-01  5.24e-02  7.78e-02  3.16e-02  2.00e-02  8.54e-02  1.14e-01  2.16e-01  1.88e+00  1.15e-01  2.71e+00  1.28e+00  8.39e-01  6.26e-01  1.40e+00  1.97e-01  1.76e-01  3.56e-01  1.38e+00  1.30e-01
  4.36e-01  6.96e-03  6.70e-02  9.78e-03  3.17e-02  1.22e-01  1.13e-01  1.54e-01  1.14e+00  8.87e-02  1.54e+00  7.39e-01  4.81e-01  3.53e-01  6.77e-01  1.07e-01  7.42e-02  2.32e-01  5.00e-01  8.73e-02
  2.27e-01  2.26e-02  4.92e-02  1.66e-03  2.70e-02  1.03e-01  8.69e-02  1.03e-01  6.80e-01  6.21e-02  8.77e-01  4.26e-01  2.76e-01  2.00e-01  3.34e-01  5.92e-02  3.04e-02  1.48e-01  1.40e-01  5.62e-02
  1.20e-01  2.24e-02  3.37e-02  1.00e-03  1.95e-02  7.45e-02  6.11e-02  6.56e-02  4.05e-01  4.16e-02  5.04e-01  2.47e-01  1.59e-01  1.14e-01  1.67e-01  3.30e-02  1.18e-02  9.21e-02  5.41e-03  3.52e-02
  6.48e-02  1.81e-02  2.25e-02  1.45e-03  1.32e-02  5.08e-02  4.13e-02  4.10e-02  2.40e-01  2.75e-02  2.92e-01  1.43e-01  9.21e-02  6.53e-02  8.52e-02  1.86e-02  3.97e-03  5.71e-02  3.75e-02  2.17e-02
  3.54e-02  1.34e-02  1.48e-02  1.28e-03  8.69e-03  3.36e-02  2.72e-02  2.54e-02  1.43e-01  1.80e-02  1.70e-01  8.39e-02  5.38e-02  3.76e-02  4.41e-02  1.06e-02  8.76e-04  3.53e-02  4.37e-02  1.34e-02
  1.95e-02  9.49e-03  9.59e-03  1.01e-03  5.62e-03  2.17e-02  1.77e-02  1.54e-02  8.47e-02  1.17e-02  9.97e-02  4.92e-02  3.14e-02  2.17e-02  2.29e-02  6.05e-03  2.22e-04  2.17e-02  3.77e-02  8.19e-03
  1.08e-02  6.51e-03  6.17e-03  7.40e-04  3.58e-03  1.38e-02  1.13e-02  9.34e-03  5.00e-02  7.62e-03  5.84e-02  2.88e-02  1.83e-02  1.25e-02  1.19e-02  3.49e-03  5.12e-04  1.32e-02  2.89e-02  4.98e-03
  6.11e-03  4.41e-03  3.98e-03  5.12e-04  2.28e-03  8.78e-03  7.28e-03  5.63e-03  2.98e-02  4.98e-03  3.46e-02  1.70e-02  1.08e-02  7.31e-03  6.29e-03  2.05e-03  5.09e-04  8.09e-03  2.09e-02  3.05e-03
  3.43e-03  2.93e-03  2.54e-03  3.44e-04  1.44e-03  5.54e-03  4.62e-03  3.33e-03  1.75e-02  3.22e-03  2.04e-02  9.97e-03  6.28e-03  4.25e-03  3.28e-03  1.19e-03  4.19e-04  4.90e-03  1.45e-02  1.84e-03
  1.92e-03  1.92e-03  1.61e-03  2.31e-04  8.98e-04  3.45e-03  2.90e-03  1.94e-03  1.02e-02  2.07e-03  1.19e-02  5.81e-03  3.65e-03  2.48e-03  1.69e-03  7.02e-04  3.06e-04  2.94e-03  9.72e-03  1.11e-03
  1.10e-03  1.26e-03  1.03e-03  1.53e-04  5.62e-04  2.16e-03  1.84e-03  1.12e-03  6.03e-03  1.35e-03  7.07e-03  3.42e-03  2.14e-03  1.48e-03  8.78e-04  4.20e-04  2.15e-04  1.78e-03  6.46e-03  6.76e-04
  6.22e-04  8.17e-04  6.48e-04  9.82e-05  3.49e-04  1.34e-03  1.14e-03  6.36e-04  3.51e-03  8.60e-04  4.14e-03  1.99e-03  1.24e-03  8.86e-04  4.40e-04  2.49e-04  1.45e-04  1.06e-03  4.18e-03  4.08e-04
  3.50e-04  5.21e-04  4.03e-04  6.12e-05  2.16e-04  8.25e-04  7.02e-04  3.48e-04  2.02e-03  5.43e-04  2.40e-03  1.14e-03  7.04e-04  5.37e-04  2.13e-04  1.47e-04  9.48e-05  6.30e-04  2.65e-03  2.44e-04
  1.97e-04  3.31e-04  2.51e-04  3.82e-05  1.32e-04  5.07e-04  4.30e-04  1.85e-04  1.16e-03  3.41e-04  1.40e-03  6.57e-04  3.99e-04  3.32e-04  9.84e-05  8.85e-05  6.03e-05  3.73e-04  1.67e-03  1.47e-04
  1.10e-04  2.08e-04  1.55e-04  2.37e-05  8.07e-05  3.09e-04  2.61e-04  9.39e-05  6.60e-04  2.12e-04  8.04e-04  3.73e-04  2.24e-04  2.07e-04  4.10e-05  5.34e-05  3.83e-05  2.19e-04  1.03e-03  8.79e-05
  6.08e-05  1.29e-04  9.47e-05  1.45e-05  4.88e-05  1.86e-04  1.56e-04  4.46e-05  3.70e-04  1.29e-04  4.59e-04  2.09e-04  1.24e-04  1.30e-04  1.48e-05  3.21e-05  2.40e-05  1.27e-04  6.27e-04  5.22e-05
  3.34e-05  7.89e-05  5.71e-05  8.83e-06  2.94e-05  1.11e-04  9.15e-05  1.92e-05  2.05e-04  7.72e-05  2.57e-04  1.15e-04  6.72e-05  8.16e-05  2.60e-06  1.89e-05  1.49e-05  7.20e-05  3.73e-04  3.05e-05
  1.82e-05  4.76e-05  3.40e-05  5.24e-06  1.74e-05  6.59e-05  5.29e-05  6.46e-06  1.12e-04  4.53e-05  1.43e-04  6.24e-05  3.58e-05  5.13e-05  1.68e-06  1.11e-05  8.88e-06  4.05e-05  2.19e-04  1.75e-05
  9.79e-06  2.81e-05  1.99e-05  3.10e-06  1.01e-05  3.83e-05  3.00e-05  7.12e-07  5.98e-05  2.56e-05  7.73e-05  3.28e-05  1.85e-05  3.17e-05  2.94e-06  6.45e-06  5.15e-06  2.21e-05  1.25e-04  9.87e-06
  5.18e-06  1.63e-05  1.14e-05  1.82e-06  5.77e-06  2.19e-05  1.67e-05  1.39e-06  3.15e-05  1.41e-05  4.13e-05  1.69e-05  9.34e-06  1.93e-05  2.67e-06  3.71e-06  2.95e-06  1.18e-05  7.01e-05  5.50e-06
  2.64e-06  9.15e-06  6.36e-06  1.06e-06  3.23e-06  1.22e-05  8.96e-06  1.84e-06  1.60e-05  7.48e-06  2.14e-05  8.31e-06  4.48e-06  1.14e-05  1.97e-06  2.04e-06  1.64e-06  6.09e-06  3.80e-05  2.97e-06
  1.32e-06  5.04e-06  3.49e-06  5.68e-07  1.77e-06  6.67e-06  4.69e-06  1.62e-06  8.03e-06  3.82e-06  1.09e-05  3.96e-06  2.07e-06  6.55e-06  1.30e-06  1.09e-06  9.09e-07  3.03e-06  2.01e-05  1.53e-06
  6.48e-07  2.68e-06  1.85e-06  3.05e-07  9.36e-07  3.53e-06  2.37e-06  1.19e-06  3.90e-06  1.85e-06  5.31e-06  1.78e-06  8.96e-07  3.61e-06  8.11e-07  5.66e-07  4.78e-07  1.42e-06  1.03e-05  7.42e-07
  3.09e-07  1.37e-06  9.38e-07  1.55e-07  4.84e-07  1.81e-06  1.15e-06  7.83e-07  1.83e-06  8.34e-07  2.51e-06  7.54e-07  3.62e-07  1.89e-06  4.62e-07  2.84e-07  2.35e-07  6.27e-07  5.05e-06  3.47e-07
  1.40e-07  6.76e-07  4.61e-07  7.75e-08  2.40e-07  8.93e-07  5.34e-07  4.79e-07  8.28e-07  3.49e-07  1.13e-06  2.92e-07  1.31e-07  9.44e-07  2.43e-07  1.34e-07  1.13e-07  2.51e-07  2.38e-06  1.49e-07
  2.36e-08  1.29e-07  8.78e-08  1.53e-08  4.60e-08  1.71e-07  9.16e-08  1.22e-07  1.40e-07  4.38e-08  1.89e-07  3.13e-08  1.11e-08  1.76e-07  4.87e-08  2.36e-08  1.96e-08  2.67e-08  4.21e-07  1.86e-08
  6.29e+00  1.42e+00  3.18e-01  5.46e-01  7.59e-01  2.88e+00  1.13e+00  5.21e-02  9.28e+00  2.92e-02  1.46e+01  6.77e+00  4.45e+00  3.80e+00  1.16e+01  1.19e+00  1.64e+00  1.27e+00  1.22e+01  1.97e-01
  2.86e+00  3.72e-01  6.88e-02  1.85e-01  1.64e-01  6.11e-01  5.69e-02  3.93e-01  5.37e+00  1.81e-01  7.84e+00  3.68e+00  2.42e+00  1.98e+00  4.99e+00  5.87e-01  6.29e-01  9.68e-01  3.93e+00  2.57e-01
  1.36e+00  4.95e-02  1.24e-01  6.31e-02  2.67e-03  2.71e-03  1.70e-01  3.42e-01  3.06e+00  1.77e-01  4.25e+00  2.02e+00  1.32e+00  1.04e+00  2.26e+00  2.98e-01  2.48e-01  6.33e-01  1.09e+00  1.92e-01
  6.72e-01  3.95e-02  1.09e-01  1.98e-02  3.20e-02  1.26e-01  1.77e-01  2.37e-01  1.74e+00  1.38e-01  2.34e+00  1.12e+00  7.30e-01  5.51e-01  1.07e+00  1.56e-01  9.92e-02  3.93e-01  1.43e-01  1.27e-01
  3.40e-01  5.31e-02  8.01e-02  4.39e-03  3.23e-02  1.25e-01  1.37e-01  1.53e-01  9.80e-01  9.66e-02  1.29e+00  6.21e-01  4.05e-01  2.92e-01  5.18e-01  8.30e-02  3.83e-02  2.36e-01  1.27e-01  7.88e-02
  1.74e-01  4.56e-02  5.42e-02  5.13e-04  2.46e-02  9.48e-02  9.45e-02  9.33e-02  5.51e-01  6.56e-02  7.18e-01  3.45e-01  2.25e-01  1.55e-01  2.54e-01  4.45e-02  1.37e-02  1.39e-01  1.72e-01  4.78e-02
  9.07e-02  3.40e-02  3.54e-02  1.67e-03  1.71e-02  6.55e-02  6.24e-02  5.56e-02  3.13e-01  4.38e-02  4.02e-01  1.94e-01  1.26e-01  8.34e-02  1.26e-01  2.44e-02  4.21e-03  8.21e-02  1.45e-01  2.89e-02
  4.79e-02  2.38e-02  2.25e-02  1.68e-03  1.13e-02  4.32e-02  4.00e-02  3.24e-02  1.77e-01  2.89e-02  2.26e-01  1.09e-01  7.06e-02  4.51e-02  6.28e-02  1.36e-02  6.91e-04  4.80e-02  1.06e-01  1.73e-02
  2.57e-02  1.60e-02  1.42e-02  1.36e-03  7.23e-03  2.76e-02  2.52e-02  1.86e-02  1.01e-01  1.88e-02  1.28e-01  6.16e-02  3.98e-02  2.49e-02  3.16e-02  7.71e-03  4.26e-04  2.81e-02  7.28e-02  1.04e-02
  1.37e-02  1.04e-02  8.86e-03  9.84e-04  4.53e-03  1.73e-02  1.56e-02  1.05e-02  5.70e-02  1.20e-02  7.22e-02  3.47e-02  2.24e-02  1.40e-02  1.57e-02  4.41e-03  6.35e-04  1.63e-02  4.78e-02  6.17e-03
  7.39e-03  6.71e-03  5.51e-03  6.64e-04  2.83e-03  1.08e-02  9.60e-03  5.74e-03  3.22e-02  7.63e-03  4.07e-02  1.95e-02  1.25e-02  8.08e-03  7.70e-03  2.54e-03  5.77e-04  9.50e-03  3.06e-02  3.69e-03
  4.03e-03  4.29e-03  3.42e-03  4.44e-04  1.76e-03  6.71e-03  5.86e-03  3.09e-03  1.84e-02  4.82e-03  2.32e-02  1.11e-02  7.07e-03  4.85e-03  3.79e-03  1.49e-03  4.30e-04  5.57e-03  1.94e-02  2.23e-03
  2.18e-03  2.67e-03  2.09e-03  2.92e-04  1.07e-03  4.09e-03  3.51e-03  1.60e-03  1.03e-02  2.96e-03  1.30e-02  6.15e-03  3.91e-03  2.95e-03  1.77e-03  8.69e-04  2.99e-04  3.21e-03  1.20e-02  1.33e-03
  1.17e-03  1.64e-03  1.26e-03  1.82e-04  6.49e-04  2.47e-03  2.07e-03  7.88e-04  5.73e-03  1.78e-03  7.23e-03  3.38e-03  2.13e-03  1.83e-03  7.83e-04  5.05e-04  2.05e-04  1.84e-03  7.25e-03  7.84e-04
  6.32e-04  1.01e-03  7.61e-04  1.13e-04  3.93e-04  1.49e-03  1.22e-03  3.67e-04  3.20e-03  1.06e-03  4.04e-03  1.86e-03  1.17e-03  1.16e-03  3.25e-04  2.95e-04  1.37e-04  1.06e-03  4.37e-03  4.64e-04
  3.36e-04  6.03e-04  4.50e-04  7.03e-05  2.32e-04  8.86e-04  7.00e-04  1.49e-04  1.75e-03  6.13e-04  2.22e-03  1.00e-03  6.24e-04  7.27e-04  1.16e-04  1.70e-04  8.59e-05  5.97e-04  2.58e-03  2.69e-04
  1.78e-04  3.57e-04  2.62e-04  4.18e-05  1.36e-04  5.17e-04  3.95e-04  4.78e-05  9.45e-04  3.43e-04  1.19e-03  5.29e-04  3.26e-04  4.52e-04  2.77e-05  9.58e-05  5.31e-05  3.29e-04  1.49e-03  1.54e-04
  9.28e-05  2.07e-04  1.50e-04  2.43e-05  7.86e-05  2.97e-04  2.19e-04  4.23e-06  5.03e-04  1.87e-04  6.36e-04  2.73e-04  1.67e-04  2.76e-04  3.37e-06  5.34e-05  3.23e-05  1.79e-04  8.46e-04  8.52e-05
  4.77e-05  1.18e-04  8.45e-05  1.40e-05  4.44e-05  1.68e-04  1.19e-04  1.13e-05  2.63e-04  9.75e-05  3.33e-04  1.38e-04  8.30e-05  1.63e-04  1.13e-05  2.92e-05  1.88e-05  9.47e-05  4.71e-04  4.60e-05
  2.39e-05  6.55e-05  4.68e-05  7.93e-06  2.46e-05  9.28e-05  6.29e-05  1.40e-05  1.35e-04  4.90e-05  1.70e-04  6.69e-05  4.02e-05  9.34e-05  1.07e-05  1.55e-05  1.06e-05  4.85e-05  2.56e-04  2.41e-05
  1.17e-05  3.56e-05  2.53e-05  4.41e-06  1.33e-05  5.02e-05  3.25e-05  1.18e-05  6.79e-05  2.36e-05  8.52e-05  3.12e-05  1.88e-05  5.14e-05  7.70e-06  8.00e-06  5.88e-06  2.39e-05  1.35e-04  1.21e-05
  5.56e-06  1.86e-05  1.32e-05  2.32e-06  7.00e-06  2.61e-05  1.61e-05  8.44e-06  3.28e-05  1.06e-05  4.12e-05  1.38e-05  8.33e-06  2.68e-05  4.65e-06  3.96e-06  3.14e-06  1.10e-05  6.91e-05  5.73e-06
  2.58e-06  9.46e-06  6.62e-06  1.17e-06  3.54e-06  1.32e-05  7.66e-06  5.44e-06  1.54e-05  4.38e-06  1.92e-05  5.78e-06  3.50e-06  1.32e-05  2.59e-06  1.87e-06  1.54e-06  4.67e-06  3.40e-05  2.48e-06
  1.15e-06  4.58e-06  3.18e-06  5.82e-07  1.71e-06  6.38e-06  3.52e-06  3.23e-06  6.95e-06  1.65e-06  8.60e-06  2.23e-06  1.37e-06  6.16e-06  1.32e-06  8.45e-07  7.05e-07  1.79e-06  1.61e-05  9.84e-07
  4.90e-07  2.12e-06  1.46e-06  2.72e-07  7.94e-07  2.94e-06  1.53e-06  1.77e-06  2.99e-06  5.31e-07  3.67e-06  7.70e-07  4.94e-07  2.66e-06  6.10e-07  3.62e-07  3.05e-07  5.82e-07  7.22e-06  3.38e-07
  1.97e-07  9.26e-07  6.40e-07  1.17e-07  3.47e-07  1.28e-06  6.32e-07  9.07e-07  1.22e-06  1.30e-07  1.48e-06  2.23e-07  1.51e-07  1.05e-06  2.59e-07  1.43e-07  1.26e-07  1.33e-07  3.06e-06  8.89e-08
  1.68e-08  9.05e-08  6.22e-08  1.15e-08  3.39e-08  1.25e-07  5.59e-08  1.10e-07  1.09e-07  3.93e-09  1.28e-07  4.66e-09  5.45e-09  8.09e-08  2.19e-08  1.16e-08  1.03e-08  8.82e-09  2.84e-07  2.18e-09
  4.48e+00  3.06e-01  1.60e-01  3.38e-01  4.49e-01  1.68e+00  3.58e-02  7.26e-01  1.00e+01  5.04e-01  1.28e+01  6.18e+00  4.02e+00  3.25e+00  7.91e+00  9.12e-01  8.34e-01  2.07e+00  6.68e-01  4.39e-01
  2.01e+00  1.16e-01  2.58e-01  1.06e-01  7.17e-02  2.49e-01  3.46e-01  5.59e-01  4.93e+00  4.05e-01  6.53e+00  3.11e+00  2.03e+00  1.50e+00  3.42e+00  4.30e-01  2.96e-01  1.17e+00  1.28e+00  2.88e-01
  9.36e-01  1.74e-01  2.05e-01  3.19e-02  2.37e-02  9.23e-02  3.22e-01  3.43e-01  2.47e+00  2.91e-01  3.36e+00  1.59e+00  1.04e+00  7.05e-01  1.54e+00  2.12e-01  1.09e-01  6.43e-01  1.25e+00  1.74e-01
  4.53e-01  1.44e-01  1.40e-01  6.21e-03  3.66e-02  1.38e-01  2.30e-01  1.95e-01  1.27e+00  1.99e-01  1.76e+00  8.28e-01  5.45e-01  3.40e-01  7.18e-01  1.09e-01  4.02e-02  3.52e-01  8.90e-01  1.03e-01
  2.23e-01  1.01e-01  8.95e-02  1.14e-03  3.00e-02  1.13e-01  1.48e-01  1.06e-01  6.56e-01  1.30e-01  9.30e-01  4.34e-01  2.86e-01  1.69e-01  3.37e-01  5.77e-02  1.40e-02  1.91e-01  5.65e-01  6.08e-02
  1.10e-01  6.59e-02  5.49e-02  2.43e-03  2.09e-02  7.91e-02  9.10e-02  5.52e-02  3.41e-01  8.17e-02  4.90e-01  2.27e-01  1.50e-01  8.82e-02  1.57e-01  3.11e-02  4.30e-03  1.03e-01  3.39e-01  3.55e-02
  5.51e-02  4.11e-02  3.30e-02  2.25e-03  1.35e-02  5.12e-02  5.39e-02  2.71e-02  1.78e-01  5.00e-02  2.58e-01  1.19e-01  7.80e-02  4.89e-02  7.30e-02  1.71e-02  8.92e-04  5.60e-02  1.98e-01  2.06e-02
  2.78e-02  2.50e-02  1.96e-02  1.70e-03  8.42e-03  3.20e-02  3.13e-02  1.26e-02  9.35e-02  2.99e-02  1.36e-01  6.24e-02  4.08e-02  2.88e-02  3.34e-02  9.61e-03  1.73e-04  3.06e-02  1.13e-01  1.20e-02
  1.40e-02  1.49e-02  1.14e-02  1.17e-03  5.14e-03  1.95e-02  1.78e-02  5.33e-03  4.93e-02  1.73e-02  7.18e-02  3.25e-02  2.11e-02  1.76e-02  1.48e-02  5.38e-03  4.28e-04  1.66e-02  6.36e-02  6.97e-03
  7.02e-03  8.72e-03  6.56e-03  7.79e-04  3.08e-03  1.16e-02  9.89e-03  1.96e-03  2.58e-02  9.69e-03  3.74e-02  1.67e-02  1.07e-02  1.10e-02  6.20e-03  2.97e-03  4.45e-04  8.96e-03  3.51e-02  3.99e-03
  3.49e-03  4.98e-03  3.70e-03  5.00e-04  1.80e-03  6.74e-03  5.37e-03  4.51e-04  1.35e-02  5.24e-03  1.94e-02  8.48e-03  5.41e-03  6.77e-03  2.46e-03  1.63e-03  3.36e-04  4.80e-03  1.92e-02  2.25e-03
  1.73e-03  2.81e-03  2.07e-03  3.05e-04  1.03e-03  3.87e-03  2.89e-03  1.14e-04  7.03e-03  2.73e-03  9.95e-03  4.23e-03  2.68e-03  4.10e-03  8.74e-04  8.86e-04  2.31e-04  2.54e-03  1.04e-02  1.25e-03
  8.42e-04  1.53e-03  1.12e-03  1.74e-04  5.70e-04  2.15e-03  1.50e-03  2.60e-04  3.59e-03  1.35e-03  5.00e-03  2.05e-03  1.29e-03  2.39e-03  2.53e-04  4.65e-04  1.48e-04  1.30e-03  5.50e-03  6.63e-04
  4.02e-04  8.19e-04  5.96e-04  9.70e-05  3.10e-04  1.16e-03  7.54e-04  2.46e-04  1.79e-03  6.32e-04  2.44e-03  9.54e-04  5.98e-04  1.33e-03  3.66e-05  2.34e-04  8.93e-05  6.36e-04  2.84e-03  3.36e-04
  1.89e-04  4.29e-04  3.10e-04  5.22e-05  1.64e-04  6.13e-04  3.71e-04  1.82e-04  8.84e-04  2.80e-04  1.17e-03  4.32e-04  2.72e-04  7.11e-04  2.13e-05  1.16e-04  5.09e-05  3.01e-04  1.45e-03  1.63e-04
  8.51e-05  2.14e-04  1.54e-04  2.74e-05  8.28e-05  3.09e-04  1.74e-04  1.21e-04  4.20e-04  1.12e-04  5.45e-04  1.85e-04  1.17e-04  3.55e-04  2.47e-05  5.36e-05  2.59e-05  1.33e-04  7.10e-04  7.26e-05
  3.72e-05  1.04e-04  7.41e-05  1.38e-05  4.04e-05  1.51e-04  7.94e-05  7.17e-05  1.93e-04  4.01e-05  2.43e-04  7.41e-05  4.81e-05  1.67e-04  1.69e-05  2.39e-05  1.30e-05  5.38e-05  3.39e-04  2.98e-05
  1.56e-05  4.79e-05  3.41e-05  6.43e-06  1.88e-05  7.00e-05  3.44e-05  3.96e-05  8.52e-05  1.17e-05  1.05e-04  2.76e-05  1.86e-05  7.25e-05  8.86e-06  1.01e-05  5.93e-06  1.92e-05  1.55e-04  1.07e-05
  6.30e-06  2.11e-05  1.50e-05  2.89e-06  8.36e-06  3.10e-05  1.43e-05  2.03e-05  3.60e-05  2.17e-06  4.32e-05  9.39e-06  6.76e-06  2.91e-05  3.91e-06  3.95e-06  2.50e-06  5.73e-06  6.81e-05  3.26e-06
  2.38e-06  8.78e-06  6.20e-06  1.21e-06  3.47e-06  1.29e-05  5.57e-06  9.71e-06  1.43e-05  3.76e-07  1.66e-05  2.68e-06  2.19e-06  1.04e-05  1.50e-06  1.42e-06  9.54e-07  1.04e-06  2.80e-05  6.36e-07
  8.43e-07  3.43e-06  2.41e-06  4.70e-07  1.36e-06  5.02e-06  2.05e-06  4.31e-06  5.31e-06  6.39e-07  6.04e-06  5.78e-07  6.12e-07  3.26e-06  4.74e-07  4.67e-07  3.27e-07  1.99e-07  1.08e-05  7.75e-08
  2.72e-07  1.21e-06  8.48e-07  1.65e-07  4.81e-07  1.77e-06  6.82e-07  1.73e-06  1.81e-06  4.08e-07  2.01e-06  4.37e-08  1.33e-07  8.06e-07  1.02e-07  1.32e-07  9.54e-08  3.23e-07  3.83e-06  1.62e-07
  7.98e-08  3.89e-07  2.70e-07  5.18e-08  1.53e-07  5.65e-07  2.08e-07  6.27e-07  5.55e-07  1.87e-07  6.01e-07  3.99e-08  1.25e-08  1.32e-07  7.88e-09  3.10e-08  2.31e-08  1.98e-07  1.22e-06  1.02e-07
  5.75e-09  3.18e-08  2.19e-08  4.10e-09  1.25e-08  4.58e-08  1.60e-08  5.99e-08  4.37e-08  2.12e-08  4.60e-08  8.89e-09  2.27e-09  4.24e-09  2.91e-09  1.49e-09  7.45e-10  2.76e-08  9.86e-08  1.43e-08
  2.72e+00  7.51e-01  6.08e-01  1.61e-01  1.93e-01  7.72e-01  8.18e-01  7.16e-01  7.52e+00  1.30e+00  9.74e+00  4.65e+00  2.99e+00  1.71e+00  4.74e+00  6.36e-01  3.13e-01  2.05e+00  7.63e+00  4.60e-01
  1.18e+00  5.31e-01  4.11e-01  3.63e-02  7.23e-03  2.59e-02  5.97e-01  3.37e-01  3.17e+00  7.75e-01  4.54e+00  2.10e+00  1.37e+00  7.47e-01  1.97e+00  3.03e-01  1.13e-01  9.70e-01  4.10e+00  2.50e-01
  5.24e-01  3.27e-01  2.46e-01  4.82e-03  4.02e-02  1.56e-01  3.62e-01  1.36e-01  1.39e+00  4.42e-01  2.16e+00  9.75e-01  6.36e-01  3.80e-01  8.32e-01  1.53e-01  4.17e-02  4.67e-01  2.12e+00  1.42e-01
  2.37e-01  1.89e-01  1.39e-01  2.81e-03  3.64e-02  1.36e-01  2.02e-01  4.44e-02  6.23e-01  2.43e-01  1.03e+00  4.53e-01  2.95e-01  2.15e-01  3.49e-01  7.86e-02  1.57e-02  2.27e-01  1.06e+00  7.92e-02
  1.09e-01  1.05e-01  7.70e-02  4.92e-03  2.51e-02  9.26e-02  1.08e-01  6.74e-03  2.86e-01  1.29e-01  4.92e-01  2.12e-01  1.37e-01  1.31e-01  1.44e-01  4.09e-02  5.41e-03  1.12e-01  5.22e-01  4.38e-02
  4.90e-02  5.64e-02  4.09e-02  3.90e-03  1.52e-02  5.66e-02  5.50e-02  5.55e-03  1.31e-01  6.37e-02  2.30e-01  9.57e-02  6.16e-02  7.85e-02  5.59e-02  2.08e-02  1.21e-03  5.40e-02  2.48e-01  2.35e-02
  2.20e-02  2.95e-02  2.11e-02  2.36e-03  8.76e-03  3.25e-02  2.70e-02  7.37e-03  6.11e-02  3.00e-02  1.08e-01  4.30e-02  2.75e-02  4.58e-02  2.07e-02  1.05e-02  1.25e-04  2.59e-02  1.17e-01  1.22e-02
  9.76e-03  1.48e-02  1.06e-02  1.33e-03  4.73e-03  1.76e-02  1.27e-02  6.09e-03  2.83e-02  1.31e-02  4.90e-02  1.86e-02  1.18e-02  2.52e-02  7.08e-03  5.04e-03  3.81e-04  1.19e-02  5.38e-02  5.93e-03
  4.28e-03  7.28e-03  5.20e-03  7.17e-04  2.45e-03  9.15e-03  5.81e-03  4.11e-03  1.31e-02  5.34e-03  2.19e-02  7.75e-03  4.95e-03  1.31e-02  2.19e-03  2.34e-03  2.96e-04  5.25e-03  2.44e-02  2.74e-03
  1.75e-03  3.39e-03  2.42e-03  3.66e-04  1.21e-03  4.48e-03  2.50e-03  2.43e-03  5.89e-03  1.92e-03  9.44e-03  3.06e-03  1.96e-03  6.24e-03  5.82e-04  1.02e-03  1.78e-04  2.13e-03  1.07e-02  1.16e-03
  7.00e-04  1.51e-03  1.08e-03  1.81e-04  5.64e-04  2.08e-03  1.03e-03  1.32e-03  2.58e-03  5.83e-04  3.93e-03  1.13e-03  7.45e-04  2.75e-03  1.20e-04  4.20e-04  9.28e-05  7.78e-04  4.58e-03  4.40e-04
  2.75e-04  6.57e-04  4.72e-04  8.32e-05  2.54e-04  9.33e-04  4.18e-04  6.73e-04  1.11e-03  1.33e-04  1.59e-03  3.97e-04  2.74e-04  1.13e-03  1.26e-05  1.66e-04  4.31e-05  2.52e-04  1.92e-03  1.49e-04
  9.85e-05  2.61e-04  1.88e-04  3.43e-05  1.04e-04  3.80e-04  1.53e-04  3.10e-04  4.37e-04  2.17e-06  5.90e-04  1.19e-04  8.84e-05  4.05e-04  1.74e-06  5.83e-05  1.68e-05  5.82e-05  7.46e-04  3.72e-05
  3.33e-05  9.73e-05  6.96e-05  1.32e-05  3.95e-05  1.44e-04  5.28e-05  1.32e-04  1.63e-04  1.85e-05  2.08e-04  3.03e-05  2.60e-05  1.28e-04  7.28e-08  1.85e-05  5.58e-06  3.27e-06  2.78e-04  3.66e-06
  1.04e-05  3.35e-05  2.39e-05  4.59e-06  1.38e-05  5.04e-05  1.68e-05  5.16e-05  5.61e-05  1.32e-05  6.80e-05  5.55e-06  6.73e-06  3.30e-05  1.31e-06  5.22e-06  1.47e-06  6.38e-06  9.69e-05  2.90e-06
  2.90e-06  1.03e-05  7.32e-06  1.44e-06  4.27e-06  1.56e-05  4.87e-06  1.80e-05  1.73e-05  6.13e-06  1.98e-05  8.61e-08  1.24e-06  6.02e-06  1.07e-06  1.21e-06  2.65e-07  4.78e-06  3.01e-05  2.45e-06
  6.89e-07  2.73e-06  1.93e-06  3.78e-07  1.14e-06  4.16e-06  1.23e-06  5.37e-06  4.56e-06  2.17e-06  4.97e-06  4.20e-07  9.27e-08  2.76e-07  5.32e-07  2.13e-07  4.84e-09  2.15e-06  8.15e-06  1.14e-06
  1.30e-07  5.89e-07  4.14e-07  7.83e-08  2.47e-07  8.95e-07  2.61e-07  1.31e-06  9.82e-07  5.72e-07  1.01e-06  1.93e-07  3.96e-08  2.43e-07  1.75e-07  2.22e-08  1.28e-08  6.84e-07  1.78e-06  3.68e-07
  4.01e-09  2.46e-08  1.66e-08  3.03e-09  1.02e-08  3.59e-08  1.11e-08  5.90e-08  4.03e-08  2.61e-08  3.80e-08  1.29e-08  4.82e-09  2.31e-08  9.63e-09  3.22e-10  1.47e-09  3.79e-08  7.12e-08  2.06e-08
